2 0 24 24
0 0 0 0 0 0 0 0 0 0 0 0 0 0 0 0 0 0 0 0 0 0 0 0 
0 0 0 0 0 0 0 0 0 0 0 0 0 0 0 0 0 0 0 0 0 0 0 0 
0 0 0 0 0 0 0 0.0112607 -0.0391663 0.0701777 0.371206 0.444981 0.445267 0.433962 0.484632 0.374658 0.072877 0 0 0 0 0 0 0 
0 0 0 0 0.004256 -0.00777079 0.00203702 0.53063 1.0909 0.99842 0.995961 0.927763 0.927495 0.579722 0.223764 0.414255 0.306199 0.072877 0 0 0 0 0 0 
0 0 0 0.011305 0.0915614 0.548134 1.01218 0.885648 1.08899 1.23454 0.942444 0.783128 0.741595 0.799795 0.324534 0.151472 0.385642 0.004418 0 0 0 0 0 0 
0 0 0.011305 0.308408 0.722049 0.892089 1.21116 0.698421 0.0654667 -0.0756607 0.303152 0.430506 0.839937 1.46896 1.15648 0.798123 0.360905 0.085779 0 0 0 0 0 0 
0 0 0.348482 0.591682 0.500035 0.372402 0.0775312 0.0721927 0.213014 0.272973 -0.00480686 0.0812761 0.21017 1.0126 1.52807 0.671197 0.481616 0.151048 0 0 0 0 0 0 
0 0 -0.087049 0.151647 0.28456 -0.195914 0.169421 0.137104 0.392194 0.2912 0.107833 0.164078 0.096962 0.308443 0.974993 0.680574 0.156849 0.160228 0 0 0 0 0 0 
0 0 -0.341869 -0.525367 -0.108112 0.543384 0.19203 0.316659 0.0818681 -0.0513776 0.167367 0.655397 0.567868 0.564328 0.58183 0.415938 0.159543 0.143495 0 0 0 0 0 0 
0 0 -0.149093 -0.513659 0.0115959 0.0365529 0.246452 -0.0574383 -0.0234209 0.308726 0.654165 0.695939 0.555006 0.285353 0.67586 0.295153 0.119448 0.0477204 0 0 0 0 0 0 
0 0 -0.00803581 -0.13137 -0.043519 0.139995 -0.194974 0.0122266 0.308415 0.654165 0.695939 0.555006 0.094841 0.63905 0.350987 0.350479 0.0239878 0.000728589 0 0 0 0 0 0 
0 0 0 0 0 0 0.011305 0.308408 0.654165 0.695939 0.555006 0.094841 0.566225 0.321086 0.437183 -0.08728 0.001689 0 0 0 0 0 0 0 
0 0 0 0 0.00141866 0.00494642 0.322209 0.692035 0.705084 0.555006 0.094841 0.566225 0.321086 0.437183 -0.08728 0.001689 0 0 0 0 0 0 0 0 
0 0 0 0.011305 0.00427703 0.461632 0.936937 0.775133 0.532183 0.0557869 0.556794 0.321086 0.437183 -0.08728 0.001689 0 0 0 0 0 0 0 0 0 
0 0 0.011305 0.308408 0.749373 0.835461 0.785124 0.338667 -0.121428 0.512674 0.375776 0.520888 0.00921079 0.207994 0.442906 0.374658 0.072877 0 0 0 0 0 0 0 
0 0.011305 0.308408 0.654165 1.00024 0.684913 0.0714304 0.402694 1.03482 0.976826 1.07811 0.810914 1.06572 0.632366 0.26296 0.414255 0.306199 0.072877 0 0 0 0 0 0 
0 0.359078 0.544191 0.405463 0.902536 0.882087 1.11143 1.41296 1.40714 1.29858 0.857288 0.944509 1.10557 1.29488 0.668505 0.189847 0.290966 -0.0184453 0 0 0 0 0 0 
0 0.238903 0.474675 0.420065 0.372198 1.09623 1.06491 1.03247 0.77162 0.521169 0.654405 0.511508 0.579421 0.942279 0.857578 0.361774 -0.0131513 0.0343793 0 0 0 0 0 0 
0 -0.443908 -0.3134 -0.047043 0.264613 0.359462 0.428832 0.303805 0.412733 0.45539 0.422303 0.329793 0.317368 0.531684 0.811339 0.415459 0.390174 0.162545 0 0 0 0 0 0 
0 -0.463109 -0.483271 -0.192711 -0.097766 0.010632 0.010632 0.010632 0.010632 0.010632 0.010632 0.010632 0.010632 0.115742 0.463569 0.450584 0.112167 0.0749207 0 0 0 0 0 0 
0 -0.128071 -0.180655 -0.028176 -0.223854 -0.222165 -0.222165 -0.222165 -0.222165 -0.222165 -0.222165 -0.222165 -0.222165 -0.181986 -0.0775971 -0.0893465 -0.1326 0.00115912 0 0 0 0 0 0 
0 0 0 0 0 0 0 0 0 0 0 0 0 0 0 0 0 0 0 0 0 0 0 0 
0 0 0 0 0 0 0 0 0 0 0 0 0 0 0 0 0 0 0 0 0 0 0 0 
0 0 0 0 0 0 0 0 0 0 0 0 0 0 0 0 0 0 0 0 0 0 0 0 