-0.270575 -0.270575 -0.270575 -0.270575 -0.270575 -0.270575 -0.270575 -0.270575 -0.270575 -0.270575 -0.270575 -0.270575 
-0.270575 -0.270575 -0.266319 0.260055 0.820325 0.725386 0.65692 0.214057 0.035624 -0.270575 -0.270575 -0.270575 
-0.270575 0.037833 0.621514 0.940582 0.963965 0.671869 1.19838 0.885906 0.115067 -0.270575 -0.270575 -0.270575 
-0.270575 0.321107 0.22946 -0.101154 0.121619 -0.106497 0.742022 1.2575 0.211041 -0.270575 -0.270575 -0.270575 
-0.270575 -0.419668 0.272809 0.0460837 0.0381509 0.425364 0.297293 0.405285 -0.111032 -0.270575 -0.270575 -0.270575 
-0.270575 -0.270575 -0.13058 0.037833 0.425364 0.425364 0.368475 0.166608 -0.246587 -0.270575 -0.270575 -0.270575 
-0.270575 -0.25927 0.191058 0.666362 0.434509 0.29565 0.166608 -0.268886 -0.270575 -0.270575 -0.270575 -0.270575 
-0.25927 0.38359 0.729663 0.514549 0.764243 0.807533 0.795143 0.172331 0.035624 -0.270575 -0.270575 -0.270575 
0.088503 0.273616 0.825657 1.14239 1.13656 0.673934 1.0243 0.587003 0.0203908 -0.270575 -0.270575 -0.270575 
-0.270575 -0.317618 0.0888868 0.158257 0.184815 0.151728 0.261109 0.540764 0.119599 -0.270575 -0.270575 -0.270575 
-0.270575 -0.270575 -0.270575 -0.270575 -0.270575 -0.270575 -0.270575 -0.270575 -0.269416 -0.270575 -0.270575 -0.270575 
-0.270575 -0.270575 -0.270575 -0.270575 -0.270575 -0.270575 -0.270575 -0.270575 -0.270575 -0.270575 -0.270575 -0.270575 

-0.149019 -0.149019 -0.149019 -0.149019 -0.149019 -0.149019 -0.149019 -0.149019 -0.149019 -0.149019 -0.149019 -0.149019 
-0.149019 -0.149019 -0.149019 -0.149019 -0.00464907 0.071742 -0.040494 -0.136023 -0.149019 -0.149019 -0.149019 -0.149019 
-0.149019 -0.149019 0.595095 0.569859 0.496946 0.454408 0.491817 0.628996 -0.421759 -0.149019 -0.149019 -0.149019 
-0.149019 0.165507 0.850213 0.590586 0.506054 0.188567 1.20695 1.45709 -0.276218 -0.149019 -0.149019 -0.149019 
-0.149019 -0.108945 0.468216 0.753657 0.386472 0.750671 0.569183 0.294544 0.0325013 -0.149019 -0.149019 -0.149019 
-0.149019 -0.149019 0.0937469 0.0345275 0.750671 0.750671 0.103158 0.428696 0.063299 -0.149019 -0.149019 -0.149019 
-0.149019 -0.149019 -0.172698 0.455374 0.713316 0.103158 0.428696 0.063299 -0.149019 -0.149019 -0.149019 -0.149019 
-0.149019 0.132267 0.72964 0.549309 0.121241 0.291223 0.133969 -0.0210122 -0.149019 -0.149019 -0.149019 -0.149019 
-0.028569 0.431892 0.858406 1.25496 0.914294 0.674526 0.565287 0.56557 -0.438429 -0.149019 -0.149019 -0.149019 
0.086316 0.331171 0.774461 0.967515 0.559224 0.487644 0.690684 0.674539 0.257697 -0.149019 -0.149019 -0.149019 
-0.149019 -0.041922 0.339711 0.339711 0.339711 0.339711 0.396648 0.503422 0.179496 -0.149019 -0.149019 -0.149019 
-0.149019 -0.149019 -0.149019 -0.149019 -0.149019 -0.149019 -0.149019 -0.149019 -0.149019 -0.149019 -0.149019 -0.149019 

-0.113241 -0.113241 -0.113241 -0.113241 -0.113241 -0.113241 -0.113241 -0.113241 -0.113241 -0.113241 -0.113241 -0.113241 
-0.113241 -0.113241 0.099745 0.119593 0.416034 0.281744 0.116569 -0.491222 -0.113241 -0.113241 -0.113241 -0.113241 
-0.113241 0.364958 0.444809 0.33565 0.841 1.25949 1.64566 1.09099 -0.101696 -0.113241 -0.113241 -0.113241 
-0.113241 0.576571 1.11508 0.69358 0.748782 0.623019 0.67338 0.87877 0.352508 -0.113241 -0.113241 -0.113241 
-0.113241 0.0612149 0.366034 0.28573 0.399772 0.69784 0.525461 0.181245 0.422651 -0.113241 -0.113241 -0.113241 
-0.113241 -0.00222149 -0.113241 0.364958 0.377634 0.494251 0.445444 0.339787 0.104052 -0.113241 -0.113241 -0.113241 
-0.113241 0.12051 0.251305 0.346481 0.494251 0.449524 0.238844 0.219375 -0.113241 -0.113241 -0.113241 -0.113241 
0.12051 0.377634 0.514605 0.495242 0.748342 0.341401 0.358896 -0.491222 -0.113241 -0.113241 -0.113241 -0.113241 
0.420115 1.45512 1.44759 1.38065 1.65457 1.45162 1.43011 0.940312 -0.018184 -0.113241 -0.113241 -0.113241 
-0.113241 0.51518 0.78332 1.12971 1.00997 0.88105 0.858843 1.05226 0.344858 -0.113241 -0.113241 -0.113241 
-0.000335999 -0.030386 0.179854 0.179854 0.179854 0.179854 0.179854 0.152691 0.210892 -0.113241 -0.113241 -0.113241 
-0.113241 -0.113241 -0.113241 -0.113241 -0.113241 -0.113241 -0.113241 -0.113241 -0.113241 -0.113241 -0.113241 -0.113241 

-0.055912 -0.055912 -0.055912 -0.055912 -0.055912 -0.055912 -0.055912 -0.055912 -0.055912 -0.055912 -0.055912 -0.055912 
-0.055912 -0.055912 0.396149 0.681323 0.822032 0.548176 0.40703 -0.081069 -0.055912 -0.055912 -0.055912 -0.055912 
-0.055912 0.75639 0.950046 0.85514 0.416115 0.20679 0.832766 -0.120303 -0.125039 -0.055912 -0.055912 -0.055912 
-0.055912 1.05999 0.718286 -0.582878 -0.820814 -0.282288 0.0209051 -1.11351 -0.23897 -0.055912 -0.055912 -0.055912 
-0.055912 -0.0834809 -0.424077 -0.793679 0.702173 1.14031 0.520011 -0.978366 -0.398049 -0.055912 -0.055912 -0.055912 
-0.055912 -0.055912 -0.055912 0.75639 1.14031 0.536774 -1.03189 -0.739791 -0.055912 -0.055912 -0.055912 -0.055912 
-0.055912 0.334886 0.70314 1.13969 0.534236 -1.03189 -0.739791 -0.055912 -0.055912 -0.055912 -0.055912 -0.055912 
0.334886 1.14031 1.07818 0.180194 -0.421708 -0.0310893 0.413892 -0.081069 -0.055912 -0.055912 -0.055912 -0.055912 
0.59366 1.21251 0.611873 -0.178066 -0.341386 0.422252 0.741886 -0.431506 -0.0607468 -0.055912 -0.055912 -0.055912 
0.07701 -0.049182 -0.657595 -0.919897 -0.411732 -0.415912 -0.651733 -0.891812 -0.118511 -0.055912 -0.055912 -0.055912 
-0.055912 -0.055912 -0.055912 -0.055912 -0.055912 -0.055912 -0.055912 -0.055912 -0.055912 -0.055912 -0.055912 -0.055912 
-0.055912 -0.055912 -0.055912 -0.055912 -0.055912 -0.055912 -0.055912 -0.055912 -0.055912 -0.055912 -0.055912 -0.055912 

-0.05465 -0.05465 -0.05465 -0.05465 -0.05465 -0.05465 -0.05465 -0.05465 -0.05465 -0.05465 -0.05465 -0.05465 
-0.05465 -0.05465 0.352645 0.996958 1.9604 2.65119 2.65195 1.35574 0.073827 -0.05465 -0.05465 -0.05465 
-0.05465 0.772837 1.65458 2.10221 2.42264 2.49815 3.06871 2.41197 0.837885 -0.05465 -0.05465 -0.05465 
-0.05465 1.14906 1.50223 0.931234 -1.20997 -0.723973 -0.491065 1.15537 0.473101 -0.05465 -0.05465 -0.05465 
-0.05465 -0.382883 -1.02636 -0.284437 0.744149 1.34843 0.77562 0.359423 -0.0747576 -0.05465 -0.05465 -0.05465 
-0.05465 -0.05465 -0.05465 0.772837 1.34843 1.27204 -0.176545 -0.226688 -0.05465 -0.05465 -0.05465 -0.05465 
-0.05465 0.356907 1.04021 1.41094 1.25858 -0.176545 -0.226688 -0.05465 -0.05465 -0.05465 -0.05465 -0.05465 
0.356907 1.34843 1.9656 1.65083 -0.0193723 1.20394 1.79513 1.24483 0.073827 -0.05465 -0.05465 -0.05465 
0.784159 1.64158 1.92303 1.42892 2.21391 2.53244 2.93288 2.30717 0.747656 -0.05465 -0.05465 -0.05465 
-0.05465 -1.42403 -1.51861 -0.864008 -0.83789 -0.955697 -1.40107 0.0302296 0.0247411 -0.05465 -0.05465 -0.05465 
-0.05465 -0.05465 -0.05465 -0.05465 -0.05465 -0.05465 -0.05465 -0.05465 -0.05465 -0.05465 -0.05465 -0.05465 
-0.05465 -0.05465 -0.05465 -0.05465 -0.05465 -0.05465 -0.05465 -0.05465 -0.05465 -0.05465 -0.05465 -0.05465 

0.20784 0.20784 0.20784 0.20784 0.20784 0.20784 0.20784 0.20784 0.20784 0.20784 0.20784 0.20784 
0.20784 0.20784 0.20784 0.20784 -0.135636 -0.308219 -0.284599 0.42619 0.430378 0.20784 0.20784 0.20784 
0.20784 0.20784 -0.187068 -0.90447 -0.506429 -0.148696 -0.374176 0.3133 0.833147 0.20784 0.20784 0.20784 
0.20784 0.07314 -1.17427 -0.0358967 0.260678 0.32139 -1.07887 0.714438 1.67076 0.20784 0.20784 0.20784 
0.20784 -0.116798 -0.0564107 0.700978 0.498508 0.0864208 -0.568556 1.04734 1.40178 0.20784 0.20784 0.20784 
0.20784 0.20784 0.20784 0.494055 -0.269556 -0.740245 0.767583 1.0472 0.516444 0.20784 0.20784 0.20784 
0.20784 0.20784 0.204966 -0.289586 -0.714505 0.767583 0.914922 0.674211 0.20784 0.20784 0.20784 0.20784 
0.20784 0.184938 -0.796086 -0.86107 0.0938688 0.696594 0.250067 0.42619 0.430378 0.20784 0.20784 0.20784 
0.20784 -0.95769 -1.06296 0.0506057 -0.109509 -0.306421 -0.57636 0.966611 0.824016 0.20784 0.20784 0.20784 
0.20784 -0.495684 -0.239068 -0.108972 -0.239068 -0.239068 -0.144343 0.886386 0.895357 0.20784 0.20784 0.20784 
0.20784 0.20784 0.20784 0.20784 0.20784 0.20784 0.20784 0.479855 0.552453 0.20784 0.20784 0.20784 
0.20784 0.20784 0.20784 0.20784 0.20784 0.20784 0.20784 0.20784 0.20784 0.20784 0.20784 0.20784 

-0.234476 -0.234476 -0.234476 -0.234476 -0.234476 -0.234476 -0.234476 -0.234476 -0.234476 -0.234476 -0.234476 -0.234476 
-0.234476 -0.234476 -0.191734 0.187853 0.948774 1.09272 1.09325 0.711659 0.148132 -0.234476 -0.234476 -0.234476 
-0.234476 -0.112049 0.673709 0.946763 0.747102 0.492351 0.106478 0.46032 0.061857 -0.234476 -0.234476 -0.234476 
-0.234476 0.153333 0.165 0.141207 -0.311598 -0.2883 0.53924 0.355223 -0.231257 -0.234476 -0.234476 -0.234476 
-0.234476 -0.00636202 -0.0520718 -0.222411 -0.116892 0.409722 0.688449 0.339392 -0.376652 -0.234476 -0.234476 -0.234476 
-0.234476 -0.0447036 -0.234476 -0.112049 0.409722 0.688449 0.43026 -0.490871 -0.234476 -0.234476 -0.234476 -0.234476 
-0.234476 -0.187165 0.186714 0.558628 0.688449 0.43026 -0.491518 -0.234476 -0.234476 -0.234476 -0.234476 -0.234476 
-0.187165 0.409722 0.730746 0.774582 0.50606 0.340773 0.899377 0.633658 0.148132 -0.234476 -0.234476 -0.234476 
-0.099912 0.357108 1.09343 1.09567 0.632365 0.936677 0.790569 0.816345 0.0116299 -0.234476 -0.234476 -0.234476 
-0.171356 -0.027297 -0.034495 -0.330168 -0.330168 -0.330168 -0.289881 -0.447291 -0.445461 -0.234476 -0.234476 -0.234476 
-0.042942 -0.071017 -0.188097 -0.213827 -0.213827 -0.213827 -0.213827 -0.234476 -0.233695 -0.234476 -0.234476 -0.234476 
-0.234476 -0.234476 -0.234476 -0.234476 -0.234476 -0.234476 -0.234476 -0.234476 -0.234476 -0.234476 -0.234476 -0.234476 

-0.028496 -0.028496 -0.028496 -0.028496 -0.028496 -0.028496 -0.028496 -0.028496 -0.028496 -0.028496 -0.028496 -0.028496 
-0.028496 -0.028496 0.429144 0.979963 1.55225 1.60739 1.62253 1.08895 -0.028496 -0.028496 -0.028496 -0.028496 
-0.028496 0.554382 1.15499 1.39413 0.614813 0.2127 1.11146 1.79387 0.539514 -0.028496 -0.028496 -0.028496 
-0.028496 0.247165 0.227708 -0.881181 -0.947658 0.149943 0.250055 0.0565169 0.217762 -0.028496 -0.028496 -0.028496 
-0.028496 0.0670176 -0.860192 -0.124631 0.502555 1.0776 0.609251 -0.316896 0.0472255 -0.028496 -0.028496 -0.028496 
-0.028496 0.0795631 -0.028496 0.554382 1.0776 0.496024 -0.667769 -0.056822 -0.028496 -0.028496 -0.028496 -0.028496 
-0.028496 0.255244 0.983232 1.15362 0.491184 -0.667769 -0.056822 -0.028496 -0.028496 -0.028496 -0.028496 -0.028496 
0.255244 1.0776 1.19002 0.475014 0.642344 1.13806 1.70288 1.1736 -0.028496 -0.028496 -0.028496 -0.028496 
0.092462 0.706865 0.426024 0.616877 0.7864 1.28685 1.16629 1.55864 0.488207 -0.028496 -0.028496 -0.028496 
-0.028496 -0.75702 -1.73163 -1.65146 -1.45194 -1.39933 -1.53256 -0.320381 0.313947 -0.028496 -0.028496 -0.028496 
0.084731 0.002367 -0.028496 -0.028496 -0.028496 -0.028496 -0.028496 -0.028496 -0.028496 -0.028496 -0.028496 -0.028496 
-0.028496 -0.028496 -0.028496 -0.028496 -0.028496 -0.028496 -0.028496 -0.028496 -0.028496 -0.028496 -0.028496 -0.028496 

-0.212321 -0.212321 -0.212321 -0.212321 -0.212321 -0.212321 -0.212321 -0.212321 -0.212321 -0.212321 -0.212321 -0.212321 
-0.212321 -0.212321 -0.115578 0.091034 0.934426 1.56222 1.56362 1.20492 0.572512 -0.212321 -0.212321 -0.212321 
-0.212321 0.065696 0.670099 1.71826 1.91151 1.89056 1.8967 1.66321 0.930221 -0.212321 -0.212321 -0.212321 
-0.212321 -0.00642942 1.52447 1.94052 1.97487 0.695483 0.791247 1.86966 0.542859 -0.212321 -0.212321 -0.212321 
-0.212321 0.127164 1.50905 0.627287 -0.0022973 0.645214 2.93321 2.70287 -0.355831 -0.212321 -0.212321 -0.212321 
-0.212321 -0.018289 0.144794 0.065696 0.645214 2.81478 2.81478 0.548362 -0.212321 -0.212321 -0.212321 -0.212321 
-0.212321 -0.179968 0.033266 0.847062 2.78397 2.81478 0.750175 -0.212321 -0.212321 -0.212321 -0.212321 -0.212321 
-0.179968 0.089856 1.51653 2.7361 2.61622 0.772749 1.06496 1.00065 0.572512 -0.212321 -0.212321 -0.212321 
-0.105339 1.20298 2.93742 3.17951 2.08028 1.58685 2.27906 2.05491 0.772062 -0.212321 -0.212321 -0.212321 
-0.212321 1.34579 1.47465 0.411465 1.05704 1.23977 1.39759 0.823772 -0.122144 -0.212321 -0.212321 -0.212321 
-0.040558 0.338725 0.00138001 -0.212321 -0.212321 -0.212321 -0.212321 -0.212321 -0.212321 -0.212321 -0.212321 -0.212321 
-0.212321 -0.212321 -0.212321 -0.212321 -0.212321 -0.212321 -0.212321 -0.212321 -0.212321 -0.212321 -0.212321 -0.212321 

-0.084647 -0.084647 -0.084647 -0.084647 -0.084647 -0.084647 -0.084647 -0.084647 -0.084647 -0.084647 -0.084647 -0.084647 
-0.084647 -0.084647 0.0671285 0.587154 0.709904 1.14858 1.14967 0.911165 0.291696 -0.084647 -0.084647 -0.084647 
-0.084647 0.403244 0.585905 0.706673 0.880584 0.87535 1.32367 1.2189 1.33157 -0.084647 -0.084647 -0.084647 
-0.084647 0.126228 0.295874 0.66902 0.728775 0.649689 0.682048 0.191236 1.02945 -0.084647 -0.084647 -0.084647 
-0.084647 0.243434 0.104308 0.236269 0.385911 0.550111 0.833243 0.456789 0.693858 -0.084647 -0.084647 -0.084647 
-0.084647 0.141865 0.0716758 0.403244 0.550111 0.792083 0.792083 0.349657 0.0937168 -0.084647 -0.084647 -0.084647 
-0.084647 -0.040741 0.518788 0.682193 0.766768 0.792083 0.450186 0.167358 -0.084647 -0.084647 -0.084647 -0.084647 
-0.040741 0.505661 0.657318 1.547 0.957996 0.947372 0.647171 0.75167 0.291696 -0.084647 -0.084647 -0.084647 
0.116716 0.398399 1.26427 1.58065 1.2242 1.36364 1.20738 1.08627 1.13062 -0.084647 -0.084647 -0.084647 
0.058387 0.366725 0.114496 0.0971112 0.138322 0.327526 0.365764 0.11501 0.352881 -0.084647 -0.084647 -0.084647 
0.130772 0.307565 0.097363 0.00527899 0.00527899 0.00527899 0.00527899 -0.084647 -0.084647 -0.084647 -0.084647 -0.084647 
-0.084647 -0.084647 -0.084647 -0.084647 -0.084647 -0.084647 -0.084647 -0.084647 -0.084647 -0.084647 -0.084647 -0.084647 

-0.050336 -0.050336 -0.050336 -0.050336 -0.050336 -0.050336 -0.050336 -0.050336 -0.050336 -0.050336 -0.050336 -0.050336 
-0.050336 -0.050336 -0.050336 -0.050336 -0.0590295 0.508434 0.509405 0.436333 0.012605 -0.050336 -0.050336 -0.050336 
-0.050336 -0.050336 0.621341 1.81422 2.53692 2.54253 2.65904 1.78857 1.06863 -0.050336 -0.050336 -0.050336 
-0.050336 0.818665 1.61058 2.20522 1.51789 -0.432217 -0.640957 0.315916 0.925296 -0.050336 -0.050336 -0.050336 
-0.050336 0.108109 0.124887 -0.750794 -0.279843 0.99641 1.3191 0.926338 0.123157 -0.050336 -0.050336 -0.050336 
-0.050336 -0.050336 -0.050336 -0.063194 0.99641 1.35592 1.35592 0.210579 -0.050336 -0.050336 -0.050336 -0.050336 
-0.050336 -0.050336 -0.0519495 0.829264 1.34935 1.35592 0.0626181 -0.050336 -0.050336 -0.050336 -0.050336 -0.050336 
-0.050336 0.177218 1.20342 1.67064 1.31986 -0.00324726 0.0799153 0.436333 0.012605 -0.050336 -0.050336 -0.050336 
0.25711 1.06437 2.05471 1.51544 1.97084 2.74852 2.72586 2.51202 1.15303 -0.050336 -0.050336 -0.050336 
0.262075 0.57092 0.789731 1.04624 1.68615 1.62512 1.12927 0.42855 0.422221 -0.050336 -0.050336 -0.050336 
-0.050336 -0.050336 -0.050336 -0.050336 -0.050336 -0.050336 -0.050336 -0.050336 -0.050336 -0.050336 -0.050336 -0.050336 
-0.050336 -0.050336 -0.050336 -0.050336 -0.050336 -0.050336 -0.050336 -0.050336 -0.050336 -0.050336 -0.050336 -0.050336 

-0.180729 -0.180729 -0.180729 -0.180729 -0.180729 -0.180729 -0.180729 -0.180729 -0.180729 -0.180729 -0.180729 -0.180729 
-0.180729 -0.180729 -0.180729 -0.102886 0.279721 0.718738 0.719681 0.853712 0.410649 -0.180729 -0.180729 -0.180729 
-0.180729 -0.180729 0.528847 2.05927 1.8705 1.41888 1.00068 0.831726 0.511017 -0.180729 -0.180729 -0.180729 
-0.180729 0.689825 1.72828 2.0026 1.04478 -0.416004 0.71717 1.08944 -0.163531 -0.180729 -0.180729 -0.180729 
-0.180729 0.606957 1.09229 -0.821461 -0.541049 1.1422 2.40224 1.27709 -0.549966 -0.180729 -0.180729 -0.180729 
-0.180729 0.0552629 -0.0515529 -0.245781 1.1422 2.37726 2.37726 -0.811463 -0.180729 -0.180729 -0.180729 -0.180729 
-0.180729 -0.180729 -0.188892 1.2026 2.33107 2.37726 -0.811463 -0.180729 -0.180729 -0.180729 -0.180729 -0.180729 
-0.180729 -0.244623 1.66103 2.3245 2.00038 -0.426072 0.33962 0.853712 0.410649 -0.180729 -0.180729 -0.180729 
-0.020593 1.58974 2.12549 1.46356 0.680243 1.44374 1.46179 1.0328 0.39903 -0.180729 -0.180729 -0.180729 
0.457564 1.59209 0.779926 -0.0669882 0.465863 0.621882 0.615273 -0.722711 -0.370608 -0.180729 -0.180729 -0.180729 
0.046076 0.192493 -0.180729 -0.180729 -0.180729 -0.180729 -0.180729 -0.180729 -0.180729 -0.180729 -0.180729 -0.180729 
-0.180729 -0.180729 -0.180729 -0.180729 -0.180729 -0.180729 -0.180729 -0.180729 -0.180729 -0.180729 -0.180729 -0.180729 

-0.034279 -0.034279 -0.034279 -0.034279 -0.034279 -0.034279 -0.034279 -0.034279 -0.034279 -0.034279 -0.034279 -0.034279 
-0.034279 -0.034279 -0.034279 -0.034279 -0.238693 0.188585 0.64495 1.23618 0.506155 -0.034279 -0.034279 -0.034279 
-0.034279 -0.034279 -0.592721 -0.171052 0.591623 0.848089 0.3503 2.61683 1.89492 -0.034279 -0.034279 -0.034279 
-0.034279 -0.493992 -0.0101505 1.57877 1.81962 1.46298 -0.371967 3.18766 2.49188 -0.034279 -0.034279 -0.034279 
-0.034279 -0.221165 0.974737 1.8646 1.08634 -0.373953 1.52335 2.93072 1.85808 -0.034279 -0.034279 -0.034279 
-0.034279 -0.034279 0.195493 0.38993 -0.876189 1.25775 2.49467 2.39236 0.410729 -0.034279 -0.034279 -0.034279 
-0.034279 -0.034279 -0.041907 -0.854008 1.21887 2.49467 2.49467 0.644232 -0.034279 -0.034279 -0.034279 -0.034279 
-0.034279 -0.095065 -0.602292 1.27645 2.39177 2.44047 0.43367 1.23618 0.506155 -0.034279 -0.034279 -0.034279 
-0.034279 -1.8047 0.937288 1.88404 2.14065 0.671202 0.640898 2.19381 1.30226 -0.034279 -0.034279 -0.034279 
-0.034279 -0.234747 1.15922 1.2503 1.00806 1.00806 1.17447 2.21565 1.4392 -0.034279 -0.034279 -0.034279 
-0.034279 0.191372 0.805521 0.805521 0.805521 0.805521 0.854957 0.906652 0.451041 -0.034279 -0.034279 -0.034279 
-0.034279 -0.034279 -0.034279 -0.034279 -0.034279 -0.034279 -0.034279 -0.034279 -0.034279 -0.034279 -0.034279 -0.034279 

-0.139066 -0.139066 -0.139066 -0.139066 -0.139066 -0.139066 -0.139066 -0.139066 -0.139066 -0.139066 -0.139066 -0.139066 
-0.139066 -0.139066 -0.113622 -0.0717461 -0.306156 -0.0958857 0.151154 0.00782201 0.046006 -0.139066 -0.139066 -0.139066 
-0.139066 -0.071481 -0.417391 0.100238 0.205212 0.504349 0.270168 1.09483 0.870974 -0.139066 -0.139066 -0.139066 
-0.139066 -0.208233 0.19082 1.33068 1.46203 1.43945 0.777707 1.56324 1.64954 -0.139066 -0.139066 -0.139066 
-0.139066 0.345675 0.294387 1.49132 0.933007 -0.109335 0.516424 1.2888 1.4373 -0.139066 -0.139066 -0.139066 
-0.139066 0.0769036 0.0624231 0.2406 -0.535164 0.571739 1.47691 1.36246 0.614654 -0.139066 -0.139066 -0.139066 
-0.139066 -0.071481 -0.103245 -0.49188 0.566898 1.47691 1.47691 0.731952 -0.139066 -0.139066 -0.139066 -0.139066 
-0.071481 -0.071481 -0.337912 0.220999 1.05274 1.40826 0.512175 0.00782201 0.046006 -0.139066 -0.139066 -0.139066 
-0.139066 -0.386829 0.656223 1.58049 1.12941 0.670938 0.214085 1.23039 0.810872 -0.139066 -0.139066 -0.139066 
0.161554 0.089547 1.26341 1.26341 1.26341 1.26341 1.26341 1.38203 1.16733 -0.139066 -0.139066 -0.139066 
0.064275 0.265543 0.773912 0.773912 0.773912 0.773912 0.773912 0.507428 0.313773 -0.139066 -0.139066 -0.139066 
-0.139066 -0.139066 -0.139066 -0.139066 -0.139066 -0.139066 -0.139066 -0.139066 -0.139066 -0.139066 -0.139066 -0.139066 

-0.112876 -0.112876 -0.112876 -0.112876 -0.112876 -0.112876 -0.112876 -0.112876 -0.112876 -0.112876 -0.112876 -0.112876 
-0.112876 -0.112876 -0.112876 -0.0123143 0.546882 0.730108 0.731207 0.346585 0.171954 -0.112876 -0.112876 -0.112876 
-0.112876 -0.048335 0.564574 1.09494 1.10506 1.66728 1.65577 1.9812 0.726879 -0.112876 -0.112876 -0.112876 
-0.112876 0.181605 0.784156 1.18304 1.31168 0.837909 1.25482 1.86199 1.2971 -0.112876 -0.112876 -0.112876 
-0.112876 0.0693518 0.371355 0.585712 0.178206 0.786206 0.756861 1.03657 1.28192 -0.112876 -0.112876 -0.112876 
-0.112876 -0.112876 -0.112876 -0.0279801 0.786206 0.819948 0.920602 1.09205 0.529714 -0.112876 -0.112876 -0.112876 
-0.112876 -0.112876 0.0161293 0.745009 0.815597 0.920602 0.920602 0.473016 -0.112876 -0.112876 -0.112876 -0.112876 
-0.112876 0.13024 0.565291 0.850773 0.779202 0.883801 0.716036 0.186086 0.171954 -0.112876 -0.112876 -0.112876 
-0.019092 0.972938 1.45892 1.7768 1.76553 1.62528 1.72686 1.80787 0.752795 -0.112876 -0.112876 -0.112876 
0.050374 0.171413 0.923254 1.61387 1.68588 1.34052 1.107 1.51042 1.11343 -0.112876 -0.112876 -0.112876 
-0.112876 -0.112876 -0.112876 -0.112876 -0.112876 -0.112876 -0.112876 -0.0254887 0.0977935 -0.112876 -0.112876 -0.112876 
-0.112876 -0.112876 -0.112876 -0.112876 -0.112876 -0.112876 -0.112876 -0.112876 -0.112876 -0.112876 -0.112876 -0.112876 

-0.047726 -0.047726 -0.047726 -0.047726 -0.047726 -0.047726 -0.047726 -0.047726 -0.047726 -0.047726 -0.047726 -0.047726 
-0.047726 -0.047726 -0.047726 -0.047726 -0.364037 -0.260506 -0.236635 0.141361 -0.026634 -0.047726 -0.047726 -0.047726 
-0.047726 -0.047726 -0.337733 -0.229644 0.338304 0.0559651 -0.065002 0.615689 0.387668 -0.047726 -0.047726 -0.047726 
-0.047726 0.0554876 0.306439 0.679353 0.460711 0.294718 -0.464945 -0.373561 -0.0151231 -0.047726 -0.047726 -0.047726 
-0.047726 0.427342 0.385731 -0.0549123 -0.353673 -0.431268 0.45663 0.313999 -0.315726 -0.047726 -0.047726 -0.047726 
-0.047726 0.156472 0.0984129 -0.105059 -0.322968 0.534392 0.534392 -0.113716 -0.047726 -0.047726 -0.047726 -0.047726 
-0.047726 -0.047726 -0.0549207 -0.314724 0.520205 0.534392 -0.032139 -0.047726 -0.047726 -0.047726 -0.047726 -0.047726 
-0.047726 -0.105059 -0.454745 0.535756 0.445172 -0.106371 -0.479324 0.141361 -0.026634 -0.047726 -0.047726 -0.047726 
0.001752 -0.223813 0.343103 0.210664 -0.401929 0.0767467 0.062265 0.563203 0.336867 -0.047726 -0.047726 -0.047726 
0.284224 0.568014 0.110068 -0.34936 -0.118678 0.0409118 0.0985195 -0.453788 -0.0365769 -0.047726 -0.047726 -0.047726 
0.14747 0.321379 0.095917 -0.047726 -0.047726 -0.047726 -0.047726 -0.047726 -0.047726 -0.047726 -0.047726 -0.047726 
-0.047726 -0.047726 -0.047726 -0.047726 -0.047726 -0.047726 -0.047726 -0.047726 -0.047726 -0.047726 -0.047726 -0.047726 

-0.071488 -0.071488 -0.071488 -0.071488 -0.071488 -0.071488 -0.071488 -0.071488 -0.071488 -0.071488 -0.071488 -0.071488 
-0.071488 -0.071488 -0.071488 -0.071488 -0.353701 -0.48463 -0.484498 -0.266354 -0.071488 -0.071488 -0.071488 -0.071488 
-0.071488 -0.071488 -0.268923 0.266567 1.10527 1.06884 0.979384 0.991825 0.474776 -0.071488 -0.071488 -0.071488 
-0.071488 -0.0615204 0.827679 0.843637 1.02356 0.0861946 -0.923978 0.0245183 0.306345 -0.071488 -0.071488 -0.071488 
-0.071488 -0.0827875 0.146528 -0.155754 -0.379553 -0.301264 0.702355 0.648149 -0.0803761 -0.071488 -0.071488 -0.071488 
-0.071488 -0.071488 0.0010125 -0.278411 -0.301264 0.698298 0.698298 0.219056 -0.071488 -0.071488 -0.071488 -0.071488 
-0.071488 -0.071488 -0.0974548 -0.362886 0.704694 0.698298 0.272347 -0.071488 -0.071488 -0.071488 -0.071488 -0.071488 
-0.071488 -0.278411 -0.245534 0.345845 0.709218 0.105883 -0.509352 -0.266354 -0.071488 -0.071488 -0.071488 -0.071488 
-0.071488 0.339849 1.00308 0.5901 0.539217 1.10139 1.34644 1.18139 0.68249 -0.071488 -0.071488 -0.071488 
-0.071488 0.377154 0.447708 0.373604 0.938827 0.902662 0.711808 0.433092 0.24819 -0.071488 -0.071488 -0.071488 
-0.071488 -0.071488 -0.071488 -0.071488 -0.071488 -0.071488 -0.071488 -0.071488 -0.071488 -0.071488 -0.071488 -0.071488 
-0.071488 -0.071488 -0.071488 -0.071488 -0.071488 -0.071488 -0.071488 -0.071488 -0.071488 -0.071488 -0.071488 -0.071488 

-0.071127 -0.071127 -0.071127 -0.071127 -0.071127 -0.071127 -0.071127 -0.071127 -0.071127 -0.071127 -0.071127 -0.071127 
-0.071127 -0.071127 -0.0563145 0.256593 0.25229 0.458304 0.459113 0.224506 0.074566 -0.071127 -0.071127 -0.071127 
-0.071127 0.302948 0.546049 1.05449 1.19068 1.36899 1.29122 0.71505 0.200567 -0.071127 -0.071127 -0.071127 
-0.071127 0.625003 0.77137 1.00599 -0.173281 -0.816732 -0.264778 -0.386604 -0.203754 -0.071127 -0.071127 -0.071127 
-0.071127 0.228935 -0.268355 -0.688432 0.268236 0.629039 0.622717 0.103139 -0.408385 -0.071127 -0.071127 -0.071127 
-0.071127 -0.071127 -0.071127 0.302948 0.629039 0.629039 0.350903 -0.637931 -0.071127 -0.071127 -0.071127 -0.071127 
-0.071127 -0.071127 0.302556 0.679262 0.648304 0.350903 -0.637931 -0.071127 -0.071127 -0.071127 -0.071127 -0.071127 
-0.071127 0.554759 0.736199 1.06741 0.453149 -0.302007 0.0923062 0.106468 0.074566 -0.071127 -0.071127 -0.071127 
0.484311 0.965615 1.02924 0.162869 1.04897 1.21322 1.2189 0.624591 0.180008 -0.071127 -0.071127 -0.071127 
0.169451 0.389835 -0.17886 -0.170336 -0.0418613 -0.0617118 -0.439753 -0.559178 -0.434192 -0.071127 -0.071127 -0.071127 
-0.071127 -0.071127 -0.071127 -0.071127 -0.071127 -0.071127 -0.071127 -0.071127 -0.071127 -0.071127 -0.071127 -0.071127 
-0.071127 -0.071127 -0.071127 -0.071127 -0.071127 -0.071127 -0.071127 -0.071127 -0.071127 -0.071127 -0.071127 -0.071127 

-0.272847 -0.272847 -0.272847 -0.272847 -0.272847 -0.272847 -0.272847 -0.272847 -0.272847 -0.272847 -0.272847 -0.272847 
-0.272847 -0.272847 -0.251609 -0.216654 -0.428794 -0.319336 -0.318769 -0.081594 -0.128269 -0.272847 -0.272847 -0.272847 
-0.272847 -0.216433 -0.444783 -0.639594 -1.53144 -0.918492 -0.624189 -0.925341 -0.498593 -0.272847 -0.272847 -0.272847 
-0.272847 -0.291079 -0.942796 0.103283 0.91429 0.792907 0.387248 -0.315474 -0.364536 -0.272847 -0.272847 -0.272847 
-0.272847 -0.130052 0.665713 0.863181 0.51174 -0.417898 -1.16111 0.0429393 0.0906612 -0.272847 -0.272847 -0.272847 
-0.272847 -0.165022 0.0383931 -0.0330214 -0.470383 -1.39304 0.414187 0.38912 -0.103942 -0.272847 -0.272847 -0.272847 
-0.272847 -0.216433 -0.243187 -0.479968 -1.37489 0.414187 0.414187 0.036465 -0.272847 -0.272847 -0.272847 -0.272847 
-0.216433 -0.216433 -0.586805 -1.40576 0.646823 0.424023 -0.114802 -0.081594 -0.128269 -0.272847 -0.272847 -0.272847 
-0.256683 -0.520149 -1.17647 -0.605177 -0.357616 -1.29913 -1.75299 -1.18813 -0.523863 -0.272847 -0.272847 -0.272847 
-0.272847 0.188154 0.599988 0.599988 0.599988 0.599988 0.674854 0.767636 0.106823 -0.272847 -0.272847 -0.272847 
-0.183583 0.3524 0.599323 0.471196 0.471196 0.471196 0.471196 0.289126 -0.231517 -0.272847 -0.272847 -0.272847 
-0.272847 -0.272847 -0.272847 -0.272847 -0.272847 -0.272847 -0.272847 -0.272847 -0.272847 -0.272847 -0.272847 -0.272847 

-0.232937 -0.232937 -0.232937 -0.232937 -0.232937 -0.232937 -0.232937 -0.232937 -0.232937 -0.232937 -0.232937 -0.232937 
-0.232937 -0.232937 -0.232937 -0.232937 -0.633132 -0.6921 -0.737231 -0.377776 -0.232937 -0.232937 -0.232937 -0.232937 
-0.232937 -0.232937 -0.810043 -1.58129 0.164524 0.714842 0.0422739 -0.826413 -0.512951 -0.232937 -0.232937 -0.232937 
-0.232937 -0.220518 0.897013 2.25281 2.38984 2.95576 2.3227 1.0236 -0.160083 -0.232937 -0.232937 -0.232937 
-0.232937 1.27652 2.32248 2.00681 0.962929 -0.720519 0.804575 0.998391 0.146642 -0.232937 -0.232937 -0.232937 
-0.232937 0.270621 0.367205 0.151118 -1.10086 1.05405 1.72679 0.935612 -0.105579 -0.232937 -0.232937 -0.232937 
-0.232937 -0.232937 -0.24907 -1.11217 1.0503 1.74929 1.26224 0.108153 -0.232937 -0.232937 -0.232937 -0.232937 
-0.232937 -0.361495 -1.55589 0.756653 1.76346 1.13997 -0.357116 -0.365013 -0.232937 -0.232937 -0.232937 -0.232937 
-0.232937 -0.489485 0.481732 0.200939 -0.514216 -1.42545 -1.08356 -0.77388 -0.395699 -0.232937 -0.232937 -0.232937 
0.673314 2.51377 3.1841 3.14931 3.14931 3.14931 3.14931 2.09913 0.31023 -0.232937 -0.232937 -0.232937 
0.234579 1.18971 1.67218 1.67218 1.67218 1.67218 1.67218 1.02445 0.13161 -0.232937 -0.232937 -0.232937 
-0.232937 -0.232937 -0.232937 -0.232937 -0.232937 -0.232937 -0.232937 -0.232937 -0.232937 -0.232937 -0.232937 -0.232937 

