-0.861287 -1.33918 -1.7644 -1.28392 -1.12921 -3.28944 -4.19838 -2.48658 
0.852424 0.588189 -1.1092 -0.94027 -0.444412 -1.03234 -1.76532 -1.97127 
1.27923 0.46631 -0.644523 -0.438437 -0.433389 0.37519 0.394021 -0.419474 
0.139877 0.548282 0.893467 0.582573 -0.816165 -1.36416 -0.418763 0.215686 
-0.564177 -0.3984 -0.374946 -0.630101 -1.86883 -1.9307 -0.402589 0.127473 
-1.02899 -1.28431 -1.83245 -1.94459 -2.24629 -2.39245 -1.60653 -0.651909 
-0.124879 -1.09707 -2.43474 -1.22794 -0.578014 -1.35764 -2.55623 -1.90909 
1.23694 0.999031 1.18927 1.52234 1.25178 0.611245 -0.597606 -1.23254 

1.45342 1.75089 1.7446 2.05124 1.90661 0.820935 0.329288 0.875582 
0.381525 -1.28664 -1.9652 -1.93984 -1.73201 -1.1177 0.271564 0.352953 
-2.78876 -3.06955 -2.39442 -2.78984 -2.8608 -1.36549 -0.328618 -0.480481 
-1.50525 -0.389968 0.251301 -0.438668 -1.11404 -0.244633 -0.889207 -0.626279 
0.652338 -0.0588353 -0.925334 -2.09702 -1.39829 -0.982249 -0.714945 0.145946 
-0.660052 -2.16675 -3.20718 -2.63283 -1.55792 -0.79209 -0.277772 0.436352 
0.584752 0.0831715 0.461811 0.602558 0.927565 0.66497 0.489994 0.309167 
-1.84958 -1.7788 -1.36987 -1.19097 -1.49686 -0.932899 -0.382459 -0.217939 

-0.266054 -0.0529927 -0.0389359 0.0950092 -2.16272 -2.22739 -1.52838 -1.21806 
-0.249165 -0.466938 -1.1582 -0.457472 0.668912 1.25101 0.478775 -1.2274 
0.173372 0.198843 -0.803865 0.0658669 -0.110246 -1.0112 0.244435 -0.288876 
-0.86414 -1.10297 -0.420569 0.142933 -0.744028 -1.46836 -0.330849 0.084493 
-2.36212 -1.65564 -1.37856 -1.78003 -1.8158 -0.239238 0.808855 0.88838 
-1.00541 -1.46836 -1.89618 -2.45734 -2.47144 -1.87904 -0.926048 -0.188258 
1.63809 1.20919 -0.178067 0.0748046 -1.73115 -2.40568 -2.19262 -1.45849 
1.48357 1.39417 1.10657 1.15588 0.693901 0.318735 0.167425 -0.734563 

-1.3832 -0.578401 -0.652661 -2.80505 -3.98887 -2.5846 -1.11309 -0.239524 
0.292009 0.263523 -0.922332 -2.46859 -2.6229 -1.2785 -2.07091 -1.49657 
0.74918 -1.30877 -2.84861 -1.13348 0.786472 -0.239132 -1.69473 -1.21872 
0.107666 -0.584244 0.44824 2.46318 0.332171 -1.98661 -1.77857 -0.363605 
0.0644636 1.34841 2.44561 1.366 -0.560055 -0.836955 0.364047 0.418253 
-0.813241 0.0452329 -1.20385 -2.44796 -0.567788 1.50601 0.981274 0.680148 
-2.18868 -4.15103 -5.28834 -4.86097 -3.43531 -2.46443 -1.83242 -1.04185 
0.0266433 -1.41341 -1.28982 -1.13505 -2.43519 -3.04553 -2.82817 -1.3562 

-1.05343 -0.466782 -0.0366789 -0.562405 -0.771699 0.549056 0.466975 -0.283509 
2.13016 3.08002 3.52426 3.00338 2.44126 2.47398 0.862267 -0.118226 
1.34332 -0.55339 -2.99964 -3.35816 -3.03567 -2.67552 -1.60833 -1.08966 
-3.54678 -3.83627 -2.40152 -0.866684 -0.764428 -0.520279 -0.625637 -0.784574 
-2.10548 -0.699412 0.0657692 -1.43019 -1.45332 -0.946383 -0.107266 0.0890611 
-0.688102 -0.204027 -1.6162 -3.26014 -3.60907 -2.27066 -1.14286 -0.215775 
1.44525 -0.522168 -2.438 -3.28337 -2.84637 -1.58929 -0.840818 -0.557023 
2.96169 3.02396 3.31268 4.12014 4.06456 3.11293 1.52868 0.482435 

1.31256 0.372785 -0.616379 -1.28092 -1.29564 -1.02625 0.0129149 0.156974 
-2.93302 -2.6468 -1.38271 -0.403713 -0.566312 -0.0356836 0.0201632 -0.171461 
-1.23175 0.203068 0.503737 -1.13933 -1.58362 -1.80399 -1.21907 -0.667879 
0.454467 0.0450527 -1.36601 -1.43297 -0.891494 -1.32872 -1.52472 -0.750343 
1.03604 -0.698409 -1.32102 -1.00388 -0.545059 -0.395715 -0.739561 -0.489218 
2.1311 3.05768 4.41254 5.32535 4.01453 2.41789 1.51932 0.59312 
-1.35903 -0.58221 -0.256995 -0.658656 -1.52004 -1.45221 -0.669096 -0.28552 
-2.299 -2.62201 -2.9789 -3.06735 -2.15705 -1.34929 -0.736704 -0.512419 

1.52674 -1.18229 -3.38427 -1.64449 -1.10212 -2.41753 -2.39669 -0.184056 
-1.68704 -4.84319 -5.03592 -1.98537 -2.90865 -4.83604 -3.89075 -0.641195 
-3.97854 -4.23949 -1.44201 -2.1199 -4.45697 -5.06544 -2.49626 -0.181123 
-1.20333 1.65467 0.914992 -2.79159 -4.13834 -2.19009 0.492151 1.13123 
2.44105 0.990197 -2.83946 -4.68842 -2.81643 -1.18096 0.624693 1.45274 
0.219229 -4.70677 -6.87935 -3.9868 -2.11644 -1.97237 -1.42629 0.156979 
-2.87355 -5.62389 -4.15719 -2.0521 -1.96594 -2.55113 -1.74485 -0.0248524 
-4.76791 -4.92088 -4.00175 -3.31537 -3.46197 -3.23558 -1.79804 -0.112467 

0.0678665 -0.2503 -0.100092 1.15535 0.156454 -2.14288 -2.07786 -0.375967 
0.252388 -0.659279 -0.565779 1.04408 1.69216 0.367611 -1.66141 -1.04677 
-0.597234 -0.558698 -1.7949 -1.41722 -0.950774 0.536417 -0.15591 -0.893614 
-0.364694 0.90032 0.809194 -0.251231 -0.509523 0.339865 -0.419445 -0.395863 
0.387559 0.0817561 -0.693252 -1.09947 -0.847754 -0.428169 0.476852 0.448047 
-0.45106 -1.68109 -1.74373 -0.796679 -1.34067 -1.48276 -0.289741 0.363845 
-0.582994 -1.42021 -1.48259 -0.593598 -0.983097 -2.01043 -2.17952 -0.686266 
0.510212 0.460706 0.268076 0.628037 1.28076 0.0976112 -1.3737 -1.06158 

-0.457218 -1.11045 -1.8839 -0.873725 -1.38156 -1.87653 -0.581915 -0.320457 
0.0353271 -0.199022 0.720955 2.62385 0.668421 -1.53926 -0.240287 -0.0826395 
0.666841 0.362139 -0.476722 0.147257 -1.33336 -1.86396 -0.840702 -0.536973 
-1.73957 -2.56766 -1.67495 -0.89034 -0.507379 -1.27993 -0.961058 -0.746007 
-2.5741 -1.7371 -1.53745 -0.747927 -2.23328 -2.60408 -1.69812 -0.686175 
-0.350335 0.117822 0.539155 -1.31508 -2.53723 -2.50813 -1.11728 -0.775335 
1.24378 1.78077 -0.755311 -1.37467 -2.097 -1.42558 -0.440663 -0.22322 
2.87127 1.23315 1.09034 1.81559 1.39339 0.049513 0.255472 -0.0367997 

0.527211 0.662006 1.09878 1.28529 -0.811692 -1.28262 -2.04803 -2.15063 
1.63571 1.53669 1.54974 1.36034 0.320483 -1.27203 -1.54737 -1.38927 
-0.0289421 -0.546648 -1.37083 -0.416772 -0.256189 -0.617371 -0.952733 -1.06076 
-1.15004 -1.76898 -2.03724 -2.28439 -1.53317 -0.812016 -0.816071 -0.845048 
-2.90145 -3.41559 -3.92336 -4.40656 -3.72529 -2.74307 -2.18527 -1.45631 
-1.41546 -2.51408 -3.34766 -4.46243 -5.10313 -4.10018 -3.80342 -2.51034 
3.19963 3.07251 2.65867 2.41188 0.730136 -0.559076 -1.08211 -1.15552 
3.06879 3.61563 4.23212 4.69422 3.23266 1.21566 0.34879 -0.259249 

-0.2707 0.755192 0.7484 1.52431 1.15509 0.195094 -0.00252375 0.347211 
1.46325 1.37961 -0.392536 -0.553409 -1.28281 -0.837298 0.261314 0.588165 
0.203281 -0.868527 -1.21892 -1.90775 -0.666936 0.278134 0.0271631 -0.344785 
-2.62362 -3.21957 -3.63646 -1.61859 0.578377 0.303654 -0.699041 -0.712167 
-4.04134 -4.28888 -2.69016 -1.46616 -2.47362 -3.21048 -2.45645 -0.96996 
-2.36529 -1.80363 -1.48581 -2.13967 -3.69045 -2.94747 -1.74198 -0.202965 
3.85526 4.58222 3.702 2.5764 2.01903 1.9213 1.44875 0.634643 
2.53145 1.95647 1.1448 1.55871 1.92033 1.32119 0.638399 0.376596 

-4.21375 -6.53199 -6.84543 -5.2802 -4.69742 -4.02635 -2.76641 -1.74948 
-3.17981 -0.202934 3.19271 4.39495 1.66655 -1.18752 -1.96594 -1.50334 
4.6374 5.64496 3.15736 -1.41104 -3.91191 -3.94772 -1.86659 -1.29242 
3.17895 0.687654 -3.08188 -3.00464 -1.71672 -0.203558 0.00859635 -1.21514 
0.423889 -0.83932 0.578726 3.44098 3.88335 3.01802 0.816195 -0.431397 
-3.69103 -2.02872 0.31824 -0.475856 -2.09654 -2.62809 -1.99218 -1.08082 
-4.65067 -4.75402 -6.9565 -8.89895 -9.0559 -6.73318 -3.43986 -1.37946 
2.85761 1.80025 0.492673 1.10732 1.48363 1.42689 0.771635 -0.20718 

-1.44696 -1.18057 -1.58152 -2.81117 -2.28314 -1.31072 -0.840288 -0.716572 
0.0148112 -0.795823 -1.9122 -3.05633 -2.83986 -2.39074 -1.27264 -0.790771 
-1.73625 -3.06929 -2.55046 -1.80109 -1.06032 -0.985624 -0.469847 -0.266669 
-0.386513 0.626937 1.57588 0.330181 -1.30304 -0.587296 -0.306762 0.439152 
2.06848 1.94843 0.332841 -1.218 0.0151122 0.790003 0.787938 0.720465 
-0.767985 -2.33137 -4.00846 -2.35072 0.445403 1.04051 0.686153 0.00309412 
-4.62543 -6.03866 -4.49926 -3.1653 -1.52466 -0.777611 -0.564423 -0.551761 
-2.78745 -1.43399 -0.581155 -1.45923 -2.48533 -2.29792 -1.04632 -0.297273 

1.65319 3.43975 2.03769 0.520181 0.811237 0.970659 0.208393 -0.579589 
3.59952 0.848279 -1.48897 -1.23503 -0.0641256 -0.284037 -0.993791 -0.896932 
-2.22235 -4.98497 -4.01468 -0.705395 -0.579433 -2.48178 -2.66902 -0.607745 
-4.2959 -2.53042 2.05583 1.85362 -1.3514 -2.72022 -1.63731 -0.151831 
-0.539946 2.66637 1.87305 -2.75406 -4.28615 -2.50215 -0.686566 0.0224883 
3.43579 1.94172 -1.7725 -3.15253 -2.07022 0.131285 0.37382 -0.487129 
2.10614 -0.718589 -1.24487 -0.121695 1.03477 0.859148 -0.253418 -0.694915 
-0.0164968 -1.04332 -0.0143957 0.490901 -0.0124241 -1.33337 -1.29684 -0.505205 

-0.112054 -1.29201 -1.1874 0.353982 4.32033 3.45196 -0.465653 -0.756397 
-1.77516 -1.50725 -2.51281 -3.4157 -2.22983 0.467598 -0.0367985 -0.492109 
-1.48367 -0.74374 -0.825266 -2.97256 -4.10314 -2.85226 -2.08453 -1.51931 
-0.119194 -0.581478 -2.01592 -2.22395 -1.40477 -1.17536 -1.16371 -1.39964 
0.948261 -0.210336 -0.507378 0.330933 0.00597193 -1.11729 -1.3303 -1.06541 
0.650994 0.186668 0.265702 0.839465 1.61109 -0.431812 -1.41831 -0.465161 
-2.18371 -2.20588 -2.39795 -1.88664 0.823457 1.37929 -0.519664 -0.490772 
-4.71068 -4.95601 -5.41363 -5.5228 -3.40876 -0.0957362 0.289653 -0.172391 

-2.14746 -0.542559 -0.620992 -2.37785 -2.06818 1.8836 1.85911 -0.69017 
-0.952404 0.545544 -1.13334 -3.40291 -0.566504 4.66033 2.11379 -1.53574 
-0.113007 -0.169512 -1.97219 -1.72402 1.62394 3.3543 0.399195 -1.16899 
-1.52454 -2.38948 -1.88018 -0.0443675 1.11996 -0.323003 -0.617982 -0.965268 
-3.53028 -2.84733 -1.43755 -0.298973 -0.451317 -0.391003 -0.547024 -0.730187 
-1.93975 -0.817054 -0.414722 -1.0746 -0.539697 0.205315 -0.799923 -1.25275 
-1.12905 0.178934 -0.64641 -1.55907 -1.12752 0.675815 -0.377109 -0.979236 
0.105191 0.655135 -0.142511 -1.23699 -0.49368 1.41155 0.698972 -0.515633 

-1.36143 -0.252602 0.955877 0.715879 -0.558073 -1.18132 -1.21145 -0.654048 
2.02065 1.76681 0.564277 -0.869444 -1.23158 -1.2632 -0.740206 -0.589933 
0.506804 -1.56896 -2.95033 -3.47871 -2.96966 -2.33661 -1.76711 -0.818433 
-0.309895 -1.0338 0.45163 0.282131 0.47107 -0.0997192 -0.414701 -0.157349 
0.749394 1.54528 1.40346 0.992524 0.195959 -0.281928 -0.283361 0.291398 
-1.80014 -2.99604 -3.80903 -4.52707 -4.43299 -2.95658 -1.23407 -0.236777 
-0.465954 -1.62661 -1.64487 -1.80565 -1.45865 -1.18427 -1.02274 -0.672043 
1.23393 1.32117 1.83263 1.55546 1.22605 0.307416 -0.117459 -0.32721 

3.03403 2.55658 0.00292142 -1.58235 -0.394005 2.00967 0.824154 -1.55255 
-1.89519 -1.51977 -2.81347 -2.95 -2.42783 -1.32196 -0.434633 -0.974189 
-2.1375 -1.15794 -0.699226 -1.02655 -1.90651 -1.70511 -1.39525 -1.02129 
-1.3078 -2.06031 -2.23203 -3.28005 -3.18318 -2.79905 -2.25663 -1.25181 
-0.684577 -2.11832 -3.68971 -3.92435 -4.39545 -5.15881 -4.95987 -2.75072 
5.40209 5.50845 5.79584 5.79005 5.31921 3.39295 -0.2857 -2.15958 
0.390578 3.02483 3.33582 2.92883 2.74951 3.63427 2.16758 -0.294018 
-3.51084 -3.50804 -3.55212 -3.40685 -2.32717 -0.954993 0.216811 -0.0547989 

0.761672 -0.165952 -1.28764 -2.51528 -2.54992 -2.41445 -2.47913 -0.999482 
-0.385299 -1.68503 -2.58039 -2.66714 -1.53488 -0.864677 -0.635875 -0.0137244 
-1.72739 -1.8952 -0.054223 1.35033 0.990962 0.926582 0.852281 0.719409 
-1.44708 -0.0961167 0.498227 -1.66628 -2.21405 -1.10482 -0.419136 0.263991 
-1.17243 -2.24581 -4.37667 -4.9097 -3.1685 -1.38239 -1.33435 -0.868078 
0.768771 -1.01414 -1.74629 -0.464165 2.37949 1.29178 -0.653213 -0.912861 
-0.881751 -0.910954 0.584005 2.35279 1.37461 -0.170446 -1.02952 -0.702784 
-0.975665 0.507549 1.78704 0.10067 -0.85346 -0.629449 -0.0678919 0.337945 

0.289644 -0.306318 -0.612269 -0.779252 1.15903 1.63506 -0.167989 -1.06383 
-0.590188 -0.868963 -0.161626 -0.690395 0.827031 2.61284 0.550111 -0.958415 
-0.93242 0.267688 0.110848 -1.19283 -0.459537 1.07828 1.68129 -0.0883802 
-0.666112 0.284825 0.233127 -1.04026 -1.00098 -0.248969 0.0762375 -0.284976 
-0.00292864 -0.239809 -0.406202 -0.546052 0.57483 0.0766248 0.249139 0.0158666 
0.757429 0.119185 0.3686 0.28035 0.935339 0.409979 -0.372272 -0.306424 
-0.73803 -0.324559 -0.580789 -1.0829 0.1741 0.608405 -0.344558 -0.819215 
-1.4038 -0.688155 -0.935367 -1.35271 -0.230146 1.11469 0.369459 -0.655282 

-0.92626 -0.822244 -1.23838 -2.69476 -1.92374 0.0598581 0.845108 0.628698 
-1.17847 -1.32132 -1.38669 -1.30787 0.204751 1.61693 1.54314 0.612257 
-1.26107 -2.21102 -2.13032 -1.25865 -0.641634 -0.374751 0.0643211 0.349224 
-1.86216 -1.19872 0.0455879 0.544756 -0.360534 -0.748407 0.316943 0.68203 
-0.347929 0.498621 0.653432 0.247762 0.0833536 1.19112 2.17704 1.51029 
-0.99566 -0.794004 -0.974598 -0.824523 1.22621 2.26562 1.7928 1.08565 
-3.34452 -3.93178 -4.45447 -3.64074 -2.25724 -1.08202 -0.725036 -0.300401 
-2.10288 -1.95392 -0.901079 -0.577786 -0.685016 -0.357415 0.38241 0.38419 

0.0303511 0.897681 0.588918 0.265557 1.51432 2.63346 0.757414 -2.61613 
0.695585 1.35531 0.299751 -1.17096 -0.508425 2.18354 3.86654 -0.338868 
-1.27521 -0.908725 -2.08205 -2.45664 -2.48047 -2.51246 0.392261 0.578044 
-2.53448 -2.62528 -0.71413 -0.3095 -0.424509 -1.85605 -0.737242 0.248886 
-0.546324 -0.8597 -1.22446 -1.69558 -2.10182 -1.93211 -0.80545 -0.305155 
-0.181802 -0.53439 -2.06867 -2.89106 -1.6935 -0.482296 -1.77471 -2.0085 
0.407319 0.860504 -0.263641 0.184381 1.10447 2.03577 0.660658 -2.0973 
-1.82815 0.0911928 1.12384 1.94869 1.71138 2.61372 3.65024 0.963285 

3.0472 5.25538 6.15349 3.77667 1.27043 -0.2247 0.516092 -0.191937 
2.01108 0.546153 -1.65458 -2.53422 -1.99931 -0.12556 -0.183692 -1.56677 
-2.13474 -3.43101 -3.50471 -2.06996 0.761606 0.983228 -2.27373 -2.70492 
-3.20615 -2.64557 -1.84479 0.64892 0.86676 -2.60811 -3.82977 -2.22487 
-1.42064 -0.267708 0.783269 -0.0390152 -3.90632 -4.67178 -2.40551 -0.822745 
1.6301 3.59353 2.87083 -0.560779 -0.92166 0.710973 1.96994 0.756817 
4.53648 4.46618 2.24944 1.578 1.66382 1.42564 0.0325681 -0.97011 
0.481679 -1.12272 -2.27386 -1.94057 -1.62608 -2.52161 -2.97747 -2.1475 

1.74872 1.91259 1.00039 -0.190428 -0.614725 -1.68005 -1.12206 0.473412 
1.44173 -0.806866 -2.66687 -2.04028 -1.92014 -1.66157 -0.840139 0.641306 
-2.25055 -4.31051 -2.46138 -0.522805 -0.672198 -1.09888 0.868352 1.18156 
-3.66617 -1.28266 1.52533 0.173027 -3.17811 -2.25936 0.369773 1.37698 
-0.859701 0.418005 -0.219431 -4.6476 -4.87192 -1.54705 0.883649 1.072 
2.50773 0.745334 -2.71575 -2.82796 0.184466 2.11164 1.36857 0.99445 
0.901816 -2.05612 -1.63116 1.59771 2.68325 1.22178 0.267305 0.401321 
-2.21796 -2.54325 -0.0265023 0.561257 -0.799742 -1.61418 -0.728835 0.0633726 

-0.0117263 -1.20935 -2.61924 -2.25699 -3.44832 -3.86674 -0.98562 0.239174 
-1.72965 -3.75027 -3.15509 -1.45245 -2.19182 -2.36286 -0.942342 -0.877575 
-2.28312 -1.14796 1.64114 0.920356 -1.75392 -0.30023 1.17992 0.139237 
-0.283591 2.64884 1.565 -2.76828 -4.03283 -1.16314 0.13227 0.22136 
0.478775 -0.670998 -3.55358 -4.11225 -1.32028 1.0892 1.75211 0.957814 
-1.35501 -4.23427 -5.24715 -2.34701 -1.33322 -1.28943 0.0302733 0.424672 
-3.11941 -4.18314 -2.5465 -1.78784 -3.47623 -3.95724 -1.89077 -0.492221 
-1.85051 -1.32507 -1.34885 -2.96813 -3.96234 -2.7281 -1.3723 -0.846466 

0.038072 -0.850182 -2.86659 -3.76986 -2.4693 -1.40052 -1.81972 -2.19995 
-1.86597 -2.20405 -2.26127 -0.114112 1.51866 0.869205 -0.305973 -0.996317 
-0.716508 0.23041 1.30851 1.88685 0.211593 -2.61052 -1.30008 -0.202052 
0.0206435 0.438978 -0.493784 -1.66874 -3.15902 -3.15213 -0.95596 0.502201 
0.445264 -0.603026 -1.6766 -2.34034 -1.05953 -0.104749 0.312293 0.354687 
0.0730286 -1.26412 -2.27716 -1.14295 -0.510234 -0.875177 -1.51607 -1.20884 
-1.98263 -2.56393 -2.92121 -2.94146 -3.72594 -3.71233 -2.92291 -1.83479 
-1.50322 -1.38664 -1.68365 -1.75454 -1.12561 -0.461984 0.608598 0.279571 

-0.268595 0.914266 1.8331 0.517265 -1.28344 0.06765 1.87161 -1.64002 
-0.322789 1.95443 0.722804 -1.33927 -1.67968 0.859461 0.88242 -3.28616 
1.42979 1.49033 -1.72695 -2.98878 -0.449163 1.42496 -2.09454 -4.25961 
0.369792 -1.97786 -3.35219 -0.0112333 2.85486 -0.569215 -4.44646 -3.42007 
-1.41192 -1.2664 1.83237 4.2807 0.850383 -2.97132 -3.16521 -1.62067 
-0.684158 2.97278 4.42235 0.966225 -2.93013 -2.31254 -0.114452 -1.08585 
1.45476 3.54378 -0.00698321 -3.48009 -4.17339 -1.18947 -0.462577 -2.15689 
1.88261 -0.194678 -3.16538 -3.12826 -1.89929 -1.32954 -2.11598 -2.89539 

3.12484 3.4018 0.532231 -2.34159 -2.95433 -2.88358 -2.91073 -1.64443 
-1.92906 -7.10083 -9.67361 -8.66028 -6.08297 -4.53146 -3.70311 -2.50118 
-7.47067 -7.188 -3.04001 -0.544135 -0.983589 -1.97879 -1.79133 -0.931975 
-0.426511 4.02441 5.25745 0.323695 -3.81441 -3.50371 -0.847388 0.373384 
4.05687 2.99222 -2.69151 -6.67705 -4.24506 -0.204737 0.713677 0.601716 
0.695006 -4.63591 -7.35697 -3.32262 2.16545 3.63503 1.22803 0.118189 
-4.88041 -6.66943 -2.82533 0.549914 0.724859 -1.34974 -2.42571 -1.58457 
-8.1889 -6.47748 -5.5201 -7.11808 -8.29541 -6.75951 -3.81886 -1.77522 

-5.53058 -5.11432 -4.89378 -7.08731 -6.56227 -4.4079 -2.6681 -2.87045 
-1.30164 -1.00071 -3.11863 -4.56784 -1.66847 1.2219 -0.315016 -2.87788 
2.94734 1.45465 -1.26706 -0.281784 2.22193 1.64269 -1.36669 -2.35735 
-0.877682 -3.79348 -3.69239 -0.878868 0.432724 -1.03264 -1.25601 -0.980356 
-7.1458 -5.04856 -1.94261 -0.79121 -1.80454 -0.947151 0.430851 0.194237 
-6.1948 -3.93577 -3.66322 -5.71403 -5.85989 -3.95382 -2.39758 -1.64092 
-1.18306 -1.43029 -4.35256 -5.7238 -5.29544 -4.59227 -4.12109 -3.24374 
3.73338 3.09688 1.51729 1.30851 1.16865 0.983297 -0.247253 -1.07054 

0.81944 4.45876 6.62136 5.4239 3.10084 1.76971 1.14329 0.0671296 
4.29772 2.47471 -2.151 -4.98846 -3.87651 -1.6687 -0.862796 -1.17094 
-2.91853 -6.55228 -6.87191 -2.02788 1.96425 0.714611 -1.1944 -1.39162 
-4.98233 -3.96979 0.751216 2.85568 0.510354 -2.08795 -1.67398 -0.6532 
-3.85854 0.159213 1.30545 -2.5313 -5.95188 -3.90338 -0.658509 -0.279444 
1.12928 0.742333 -3.17742 -6.5798 -4.24772 -0.819368 0.154569 -0.349135 
5.12603 3.11185 2.40859 5.61045 7.35412 5.24247 2.0188 0.143905 
-0.594688 -1.1242 0.209836 0.570718 -0.821026 -2.34535 -2.16185 -1.06971 

-1.50473 0.790984 2.31714 0.254537 -0.559943 0.155305 0.214694 -0.111636 
2.86202 2.63394 -1.26243 -3.24183 -0.556445 0.666817 -0.24314 -0.610037 
1.04997 -3.00951 -4.58391 0.0804468 2.77526 0.00503896 -1.12821 -0.807963 
-2.98244 -3.84521 0.644479 4.68607 0.0154304 -2.75443 -0.74896 -0.45046 
-3.36562 0.742589 3.81973 -1.11108 -4.3757 -1.59233 -0.0496385 -0.577028 
0.791422 3.44991 -1.29375 -4.39815 -1.12027 1.13265 0.491693 -0.724153 
2.61681 -0.769964 -2.40198 0.711137 2.73185 1.2485 -0.438175 -0.498892 
-0.46498 -0.823143 1.11894 1.74428 0.095087 -1.5188 -0.940074 -0.358727 

0.188229 -1.12914 -1.46179 -1.22429 -2.47997 -1.75946 -1.11128 -0.971824 
-2.82595 -2.90207 -2.45574 -2.75499 -3.17742 -1.71231 -1.20668 -0.924655 
-3.00681 -1.57308 -1.2917 -3.25528 -4.67309 -0.655566 0.146894 -0.484769 
0.0629605 2.02422 -0.563814 -3.88004 -4.1609 0.435782 1.64897 0.0707369 
2.51697 1.73914 -2.00286 -3.04998 -0.671505 2.35933 1.86383 0.767943 
-0.278854 -3.6451 -4.7254 -1.73515 0.600376 0.814611 0.527581 0.0468026 
-5.33312 -6.46497 -4.38938 -1.94814 -2.16159 -1.34869 -1.08539 -0.526094 
-6.22017 -4.48032 -3.51823 -3.47742 -3.65015 -1.55576 -0.773427 -0.239584 

-0.931453 -0.0709904 -0.357544 -3.47372 -4.10412 -1.18152 -0.119674 -1.90285 
-1.87121 -1.26992 -3.01078 -5.42023 -3.41067 1.97708 0.22547 -2.1909 
-1.65842 -1.93738 -1.89942 -2.8254 0.966113 2.66588 0.762742 -0.707702 
-1.5946 -1.43574 -2.3946 -1.9247 -2.44752 -2.20821 -0.902296 0.015771 
-2.12071 -2.45576 -1.52499 -2.83217 -3.50339 -1.37697 0.318637 0.310151 
-1.03068 -0.407724 -1.47021 -2.65879 -0.927643 1.19132 0.691706 -0.335574 
-2.01679 -2.703 -3.38399 -3.39714 -1.78088 -0.255336 -1.3045 -1.73372 
-2.40686 -2.59836 -2.83061 -3.48281 -2.68652 -0.913747 -0.773754 -1.11407 

0.0554911 -0.744137 -1.37205 -1.26289 -1.61855 -2.81661 -3.23536 -0.253926 
0.285434 -1.20285 -1.54625 -0.980815 -0.624697 -3.63863 -3.39194 0.881234 
0.294192 -1.22903 -1.94917 -0.909909 -0.0670118 -1.86252 -1.63368 1.45268 
-0.0693723 -1.42191 -1.44964 -1.394 -1.43218 -1.1695 -0.643419 1.09797 
-1.00091 -1.85784 -2.70368 -3.08737 -3.15701 -1.95919 -0.731722 0.343928 
-0.701456 -2.05827 -2.19098 -2.86159 -2.3748 -1.43437 -0.423682 0.533501 
-0.333442 -1.55664 -1.86891 -1.10068 -0.315854 -1.18276 -0.934749 0.713806 
0.252682 -1.16379 -0.836232 0.506184 0.927783 -0.808553 -1.2296 0.859616 

-3.90032 -7.06811 -5.25547 -1.90657 -1.69941 -2.42756 -0.442024 1.15289 
-6.5167 -3.84342 1.5091 0.986174 -4.29116 -2.73847 1.88229 1.7982 
-0.558054 4.6122 2.39911 -5.93559 -6.38837 1.19754 3.32534 0.53833 
3.80456 0.530626 -8.74485 -9.38482 1.34875 6.33731 1.54349 -1.07958 
-2.33786 -10.1892 -10.0934 0.325078 5.70817 0.397741 -3.29717 -1.4259 
-9.10128 -8.76592 -0.0658015 3.80999 -1.55098 -5.04849 -2.40613 0.7132 
-5.88454 0.948944 3.57519 -1.74824 -4.73591 -1.36971 2.25671 1.77114 
1.36628 3.14934 -0.495536 -2.24235 0.804318 4.09628 3.22375 0.886505 

-0.125448 -1.38423 -0.984785 0.304557 -0.39629 -1.05424 0.475772 0.430407 
-3.20021 -3.11084 -0.0706398 -1.06139 -3.1127 -1.53552 1.5321 -0.00332396 
-3.05814 0.110402 0.450407 -3.76448 -5.1375 -0.665088 2.36666 -1.14955 
0.150129 1.12847 -2.24078 -5.25118 -1.82534 2.9199 1.14426 -1.99827 
1.46454 -1.45075 -4.33278 -1.96911 2.473 1.01467 -1.21492 -1.25729 
-2.00197 -3.7841 -1.47521 2.04747 0.947401 -1.84764 -1.05086 -0.287628 
-4.41041 -2.0411 0.660964 -0.0645428 -2.55558 -1.76351 0.00340497 -0.222979 
-3.48623 -0.756487 -1.90843 -4.00605 -3.36855 -0.481044 0.422814 -0.969933 

-1.64552 -1.34579 -1.73472 -2.57501 -2.90308 -3.26723 -2.98876 -0.709988 
0.77674 -1.52421 -2.74558 -2.30064 -2.69149 -3.70892 -2.23769 0.547594 
-0.345306 -2.37393 -2.43735 -1.56064 -2.43692 -3.10595 -0.300531 1.73637 
-1.38228 -1.68887 -0.898753 -0.383098 -0.276903 0.474629 1.60339 2.07523 
-2.48421 -2.40321 -2.64813 -3.22624 -2.10752 -0.381411 0.372669 0.827823 
-5.26343 -7.10374 -8.07772 -7.76361 -5.86222 -3.30238 -1.89132 -0.391334 
0.359008 -0.887051 -0.234271 -0.13855 -0.298381 -0.827656 -0.511031 0.268787 
1.54586 1.50379 2.13529 2.76008 1.57548 0.159005 0.481294 1.09486 

-0.760949 -2.14255 -2.59376 -2.74578 -3.85215 -6.22248 -4.41509 -1.60616 
0.500829 -0.785975 -1.87559 -1.05143 -0.917647 -3.17368 -3.27328 -2.33705 
1.07925 0.475781 0.62369 1.57529 1.21464 0.383744 -0.937219 -1.58342 
0.16978 0.785175 -0.104171 -1.05139 -1.7819 -1.43893 -1.17156 -0.802308 
-1.49239 -1.4948 -2.48432 -3.45114 -3.2891 -2.22076 -0.901192 0.157887 
-0.681417 -2.09984 -3.234 -2.8397 -3.04646 -3.71753 -2.11187 -0.586861 
-0.25286 -1.71849 -2.32217 -1.18328 -2.58602 -4.59798 -3.9041 -1.75581 
1.65674 1.39791 0.465547 0.152539 -0.948386 -2.29942 -2.73024 -1.69348 

0.881165 -1.46704 -0.393743 2.38606 1.59843 -1.20308 -0.891335 -0.903045 
-1.77681 -0.512772 2.95905 4.64184 1.00948 -0.761974 -0.43204 -1.33374 
-1.11401 2.53637 3.12539 -0.0913188 0.113514 1.17863 1.25048 -0.384203 
2.30088 3.11856 -1.26234 -2.61429 -0.256757 0.274288 -0.345807 -0.317194 
1.478 -2.13563 -2.3975 0.352652 2.29635 0.0624577 -0.569212 -0.536767 
-0.105871 0.294156 1.82811 2.44312 -0.176545 -1.51724 -0.802139 -0.76117 
-0.695378 0.840122 1.0738 0.0889719 -0.618864 -0.520089 -0.186627 -0.482028 
0.34064 0.92958 0.0597692 0.378037 1.07747 0.639054 -0.220886 -0.913579 

-1.50799 -1.82482 -1.81802 -1.75756 -1.63952 -1.41733 -0.193287 0.486921 
0.0339268 -0.483674 -1.43696 -1.92535 -1.01666 -0.919248 0.489607 1.02763 
0.0665644 -0.877178 -1.82399 -1.52575 -1.9705 -2.00788 -0.444233 0.531568 
-1.21675 -2.4199 -1.4211 -0.175943 -0.0164308 0.351423 1.15197 1.18828 
-1.91432 -1.34724 -0.681547 -1.13268 -1.31828 -0.853846 0.364422 0.764927 
-2.75291 -2.52898 -3.63682 -3.39981 -3.31894 -2.29607 -0.587453 0.275888 
-0.374978 -1.16764 -1.76045 -1.77603 -1.10211 -1.12911 -0.142982 0.336705 
0.0835072 0.0941315 0.0185007 0.836305 0.971959 1.13124 1.20384 1.15438 

0.576746 0.620698 0.283347 0.0120878 1.83221 2.10374 -0.278458 -2.14994 
-0.478373 -0.414925 -1.531 -1.79226 -0.49206 1.86995 0.840002 -1.82598 
-1.65706 -0.719455 -0.518904 -2.44833 -2.53012 0.355937 0.974574 -1.10324 
-1.37325 -0.704644 -1.15513 -2.44328 -2.40403 -0.621026 -0.281146 -1.4242 
-0.557714 -0.920572 -1.94318 -1.63108 -1.10571 -0.830633 -2.01615 -2.24293 
0.901472 0.485143 0.648237 0.969599 1.52707 0.0370429 -1.35164 -1.51653 
-0.296582 0.603073 0.892479 0.826574 1.30236 1.60945 0.0479023 -1.33164 
-2.15977 -1.15668 -1.27374 -2.14175 -1.24099 1.4325 1.04139 -1.00367 

1.2477 2.02307 3.23643 3.4499 3.91805 3.7219 2.15442 0.290893 
-0.377841 -0.155953 -1.63997 -2.83955 -3.11585 -2.14904 -0.508381 0.446295 
-2.9078 -2.98839 -2.14099 -2.31541 -2.79994 -1.92226 -1.23918 0.0882747 
-1.5449 -1.8709 -2.47156 -2.68263 -2.86292 -2.5952 -1.04365 -0.736064 
-0.889091 -1.5877 -2.66956 -3.34322 -3.74037 -2.53054 -3.01348 -2.44012 
1.39899 0.965644 -0.0664998 0.104968 1.18754 -0.00924461 -1.20868 -1.51738 
1.51444 2.08621 3.36798 5.27306 5.49491 4.39971 3.32947 1.45359 
-4.40005 -3.52173 -2.29222 -2.47308 -1.84554 -0.425788 0.779985 1.00671 

-0.730611 1.05152 -1.9904 -6.47645 -1.52356 3.43596 -1.35257 -4.13643 
1.35211 -1.19967 -7.16277 -6.80479 2.79717 3.40738 -3.65319 -4.45966 
-1.00295 -5.90873 -6.80274 -0.350612 3.71945 -2.93223 -6.07713 -3.05265 
-4.96859 -5.44736 0.458608 4.12989 -1.44903 -5.69814 -4.17356 -1.68234 
-4.16597 -0.303234 1.6164 -3.53248 -5.95304 -3.3239 -2.15119 -1.73612 
-0.235657 0.981077 -3.86958 -7.94163 -4.05754 -0.792469 -2.88925 -3.35948 
1.01958 -2.16529 -6.20115 -6.25782 -2.11929 -1.5788 -4.05557 -3.11793 
-1.08198 -3.17652 -4.04272 -3.08127 -1.76549 -1.99986 -2.19566 -1.54235 

-0.195974 -1.13399 -1.72333 -1.12694 -0.272643 -0.404909 -1.59652 -1.27628 
0.448629 0.491406 -0.841606 -0.430798 -0.230752 -2.70093 -3.56978 -1.57847 
0.822062 -0.519503 -2.47984 -1.96508 -1.78267 -2.68174 -2.97596 -1.17348 
-0.539753 -2.32828 -2.6604 -1.12539 -0.210567 -1.85807 -2.20541 -0.358875 
-1.64818 -2.52834 -1.29906 -0.579656 -2.13552 -3.9131 -2.79064 -0.499858 
-0.269485 -0.0666967 -0.11805 -1.71389 -3.85449 -4.13512 -2.67248 -1.22479 
1.15293 1.24977 -0.664574 -2.23335 -1.55205 -0.523459 -0.710584 -0.265827 
1.91011 -0.121027 -1.55334 -0.40174 0.737456 -0.477806 -1.36272 -0.540286 

-3.63092 0.0894251 2.33495 1.04103 -0.461292 -0.835677 -0.386066 -1.00733 
4.00864 5.83638 1.04984 -2.61991 -1.72424 0.402969 -0.288615 -1.64367 
2.71022 -2.5983 -6.78033 -3.02929 1.28211 1.44986 -2.59155 -2.57406 
-3.89505 -6.96481 -3.36922 3.28833 3.68857 -1.58389 -4.35216 -2.49722 
-6.04556 -2.11031 2.90245 2.37937 -3.17167 -5.02691 -3.74599 -1.97123 
-2.21303 1.88363 -0.542348 -5.79803 -6.22237 -2.84783 -0.953226 -0.724914 
4.09382 2.87348 -1.01457 -0.999194 0.616511 1.40334 0.062598 -0.861185 
5.2762 3.26478 2.56696 3.36008 2.60308 0.576531 -1.29014 -1.1356 

-1.56262 -1.29803 -0.639451 -0.403726 -0.715237 -1.31358 -0.913278 0.822622 
2.37698 2.1324 2.91181 3.32114 2.64273 1.60285 1.92012 2.34316 
0.570337 -0.663099 -1.74123 -2.87187 -2.91899 -0.731817 1.16345 1.70393 
-3.50076 -3.89301 -2.99595 -2.56574 -0.938101 0.853383 0.846212 0.731918 
-3.14425 -3.14522 -3.26519 -2.53865 -0.94136 -0.574986 -0.540307 -0.11794 
-2.70983 -3.56053 -3.15949 -2.77663 -2.3664 -2.11496 -1.01188 0.433775 
-0.106743 -0.908096 -0.563818 -0.457105 -1.01055 -0.685705 0.111693 0.889591 
4.25642 5.29205 6.59914 6.30256 5.85418 4.64135 3.35105 2.03598 

-1.36403 -0.932727 -2.35923 -3.10754 -1.53718 -0.397852 -2.26374 -3.47743 
-0.877087 -0.916807 -3.6144 -4.47071 -1.08529 0.171788 -4.78048 -4.21437 
0.720222 -0.975692 -4.35452 -3.28205 1.0463 -0.619699 -6.08619 -3.99862 
0.411394 -3.18119 -3.88899 -0.785315 0.391662 -2.58821 -4.80763 -1.71864 
-2.93628 -3.34484 -1.35288 -0.485462 -2.89402 -4.71648 -3.79487 -1.90257 
-1.34032 0.534558 0.0522874 -2.615 -5.0742 -3.62667 -2.82384 -2.29385 
1.00366 0.525416 -2.48877 -4.70347 -3.06605 -1.89578 -2.95183 -2.19481 
1.51795 -1.81691 -4.34245 -3.75036 -0.969613 -1.25295 -3.46004 -1.86771 

-1.50818 -0.708509 2.03587 5.13035 5.47044 1.98229 -1.58219 -2.14822 
2.56613 3.60864 2.84234 1.5063 0.945409 -0.100366 -0.392932 -0.420021 
0.351655 -1.06062 -3.51248 -5.49797 -5.58256 -2.70405 -0.864656 -0.0042019 
-2.68061 -3.87527 -4.25954 -2.96574 -1.34673 -0.0681734 -0.57022 -0.16156 
-2.78078 -3.04905 -2.16857 -1.25608 -2.05993 -2.64644 -2.62785 -1.33803 
-3.20913 -4.63602 -5.72005 -7.21086 -8.24774 -7.75355 -5.25546 -2.85157 
2.76314 2.56998 1.63389 1.99604 2.83346 2.38444 0.860591 -0.399889 
2.19656 2.91107 3.80961 4.91207 6.24142 5.42313 3.12377 1.08663 

0.602461 1.48542 0.960593 0.901262 -0.127905 -0.0815457 0.452273 -0.140015 
-0.0120732 -0.93774 -1.57518 -1.30042 -1.37535 -1.66982 -1.24933 -0.608149 
-1.73422 -0.898964 -0.267916 1.46863 2.1321 -0.476569 -1.44028 -1.29655 
0.744327 0.854155 0.665972 0.427154 -0.709303 -0.989987 -0.459823 -0.837387 
-0.0196257 0.247562 -0.239975 -0.820714 -1.04455 -1.19298 -0.733712 -0.370744 
0.210034 -0.235309 -0.687339 0.0409967 -0.102742 -0.166205 -0.388562 -0.642224 
0.057322 1.08829 1.74055 1.96566 0.932622 0.47975 0.0768948 -0.241615 
-0.47535 -0.55435 -1.57112 -1.72796 -2.21145 -2.47669 -1.37171 -0.563696 

0.823384 0.602803 0.465095 0.722691 0.728757 -0.381516 -1.65021 -0.495488 
0.336305 -0.8254 -1.43364 -0.46792 1.28243 2.29694 0.864235 -0.545718 
-1.27088 -1.26721 -1.70281 -0.851039 -1.03102 0.229738 0.0465742 -0.203181 
-2.11449 -1.43689 -0.897084 -1.41063 -1.66136 -1.49004 -0.0832877 -0.214427 
-1.84712 -1.3417 -2.39763 -2.76752 -3.16469 -1.31092 -0.311044 -0.494813 
0.0675362 -0.767044 -1.00276 -0.497599 -0.0670543 -0.469915 -1.0842 -0.315171 
0.756635 0.156827 0.150489 1.34144 1.57195 -0.541223 -1.67426 -0.683469 
-0.073634 0.396342 0.977626 1.23746 0.912829 1.75184 0.887593 0.0494787 

