0 

0 

0 

0.64268 

1.59232 

0 

0 

0.524424 

0.224803 

2.01751 

0 

3.00382 

0 

2.10943 

0 

0 

0 

0 

0 

2.02538 

0 

0 

0.322312 

0 

0.093436 

0 

0 

1.06987 

3.23161 

0 

0.312731 

1.15 

0 

0 

0 

0 

3.82939 

2.72559 

0 

0 

0 

0 

0 

0.992392 

1.30489 

0 

0 

0.00521311 

0 

2.01192 

0 

0.48135 

0.471274 

0.0194205 

7.33727 

0.028096 

0 

0 

1.06455 

0 

0 

1.96961 

0 

0 

2.39077 

0 

0.290386 

0 

3.07894 

0 

0 

1.15547 

0 

0 

0.731422 

0.972245 

2.05347 

2.64385 

0 

2.63299 

2.31235 

0 

0 

0 

0 

0 

1.11245 

0 

3.92757 

0 

0 

5.63261 

0 

0.0111952 

0 

0 

0.55887 

0 

0 

4.32478 

0.205605 

0 

0 

1.69527 

0.358389 

0 

0 

1.61497 

0 

0 

0 

0 

0 

2.30851 

0.0327716 

0.559178 

0.449717 

1.92906 

0.0505832 

0 

0 

2.03547 

1.82151 

0.210883 

1.5444 

0.689607 

0.383073 

0 

0 

0.766005 

0.0462043 

0.921948 

0 

4.1912 

0 

0 

2.0594 

0 

0.667107 

0 

1.98364 

0 

2.1882 

0 

1.35273 

1.11859 

0 

1.34199 

0 

0.418374 

0.745118 

0 

0.506707 

0 

0.728309 

1.48416 

0 

0.445042 

0 

3.76589 

0.737543 

1.98575 

0 

0 

0 

0 

0.515968 

0 

2.96417 

4.97518 

0 

0 

0 

0 

0 

0.594007 

1.20536 

0 

0 

1.06163 

0 

0 

5.30567 

0 

0 

0 

0 

0 

0 

1.00225 

0 

1.09762 

2.56361 

0 

4.93802 

0.421313 

1.21 

0 

0 

0 

0 

2.42289 

0 

0.898886 

0 

2.62246 

0 

0.165357 

0 

0 

0 

0 

4.18011 

0 

0 

0 

0 

0 

0 

0 

1.59868 

1.99915 

0 

0.267185 

0.657861 

0 

0 

0 

0 

1.73984 

0.155318 

0.186473 

0.609248 

1.66456 

0 

3.39663 

0 

0 

0 

1.82185 

0.776324 

0 

0 

0 

0 

0 

0.73394 

0 

0 

0 

0 

0 

0.146699 

0 

0 

0 

0 

0 

4.7932 

1.2031 

0 

0.20662 

3.6454 

0 

0 

0 

0 

2.1632 

0 

0.617812 

0 

0 

0.175252 

0 

2.44499 

0 

0 

1.82868 

0.526825 

0.410891 

4.73776 

0 

3.05091 

0 

0 

1.4817 

2.75192 

2.2626 

1.16269 

0 

0 

2.31208 

0.210672 

0.0190545 

0 

2.01955 

0 

3.12532 

0 

3.03866 

0 

0 

0 

0 

0 

3.09737 

0 

0 

0 

0 

0.144235 

0.0910197 

1.45603 

0 

0 

0 

0 

0 

0 

0 

1.33732 

0.605435 

1.31541 

0 

1.72975 

0 

4.29855 

0.899682 

5.97242 

0.686996 

0.584578 

0 

3.36587 

3.273 

0 

0 

0 

0 

0.407723 

0 

2.82912 

0 

0 

0 

0 

0 

0 

1.23576 

0 

0 

0 

0 

2.90186 

0 

0.566992 

1.68496 

0.341551 

2.47458 

2.57496 

0 

5.12682 

0 

0 

0.417914 

3.8296 

0 

0 

0.0975647 

3.28247 

0 

0 

0.183845 

0 

0 

0 

0 

0.766281 

1.43749 

0 

0 

0.415091 

1.77727 

2.08059 

0.594613 

0 

0 

3.42769 

0.0505759 

0.0129089 

2.61051 

1.81109 

0.401838 

4.92493 

1.32642 

0 

0.268864 

2.31276 

0 

0 

0 

1.66436 

0 

0 

0 

0 

1.55584 

0 

0 

3.62234 

0.312777 

0.78595 

0 

0 

0 

1.70082 

1.96382 

0 

0.727015 

0 

0.0650492 

0 

1.39374 

0 

0 

2.2736 

0 

1.70869 

0 

0 

2.78367 

0 

0.586001 

0 

0 

0 

0 

0 

0 

1.36582 

0 

0.243244 

0.423079 

0 

0.245399 

0 

2.01879 

0 

0 

0 

0 

0.881938 

0 

0.0540479 

0.000570358 

0 

0 

0.142511 

0 

0 

0 

0.815199 

0 

0 

5.09012 

3.58746 

0.169124 

0 

1.21989 

0 

0 

0.236388 

0 

1.32671 

0.790055 

0 

0 

0.244233 

0 

0.981484 

2.90456 

0 

0 

1.1103 

0 

3.6236 

0 

0 

0.758986 

0.960238 

1.54429 

0 

0 

3.10698 

0 

5.17109 

0 

0 

0.58188 

2.40964 

0 

