0.852424 -0.94027 -0.444412 -1.76532 
1.27923 0.893467 0.37519 0.394021 
-0.3984 -0.374946 -1.86883 0.127473 
1.23694 1.52234 1.25178 -0.597606 

1.75089 2.05124 1.90661 0.875582 
-0.389968 0.251301 -0.244633 -0.328618 
0.652338 -0.925334 -0.79209 0.436352 
0.584752 0.602558 0.927565 0.489994 

-0.0529927 0.0950092 1.25101 0.478775 
0.198843 0.142933 -0.110246 0.244435 
-1.00541 -1.37856 -0.239238 0.88838 
1.63809 1.15588 0.693901 0.167425 

0.292009 -0.652661 -1.2785 -0.239524 
0.74918 2.46318 0.786472 -0.363605 
1.34841 2.44561 1.50601 0.981274 
0.0266433 -1.13505 -2.43519 -1.04185 

3.08002 3.52426 2.47398 0.862267 
1.34332 -0.866684 -0.520279 -0.625637 
-0.204027 0.0657692 -0.946383 0.0890611 
3.02396 4.12014 4.06456 1.52868 

1.31256 -0.403713 -0.0356836 0.156974 
0.454467 0.503737 -0.891494 -0.667879 
3.05768 5.32535 4.01453 1.51932 
-0.58221 -0.256995 -1.34929 -0.28552 

1.52674 -1.64449 -1.10212 -0.184056 
1.65467 0.914992 -2.19009 1.13123 
2.44105 -2.83946 -1.18096 1.45274 
-2.87355 -2.0521 -1.96594 -0.0248524 

0.252388 1.15535 1.69216 -0.375967 
0.90032 0.809194 0.536417 -0.15591 
0.387559 -0.693252 -0.428169 0.476852 
0.510212 0.628037 1.28076 -0.686266 

0.0353271 2.62385 0.668421 -0.0826395 
0.666841 0.147257 -0.507379 -0.536973 
0.117822 0.539155 -2.23328 -0.686175 
2.87127 1.81559 1.39339 0.255472 

1.63571 1.54974 0.320483 -1.38927 
-0.0289421 -0.416772 -0.256189 -0.816071 
-1.41546 -3.34766 -2.74307 -1.45631 
3.61563 4.69422 3.23266 0.34879 

1.46325 1.52431 1.15509 0.588165 
0.203281 -1.21892 0.578377 0.0271631 
-1.80363 -1.46616 -2.47362 -0.202965 
4.58222 3.702 2.01903 1.44875 

-0.202934 4.39495 1.66655 -1.50334 
5.64496 3.15736 -0.203558 0.00859635 
0.423889 3.44098 3.88335 0.816195 
2.85761 1.10732 1.48363 0.771635 

0.0148112 -1.58152 -1.31072 -0.716572 
0.626937 1.57588 -0.587296 0.439152 
2.06848 0.332841 1.04051 0.787938 
-1.43399 -0.581155 -0.777611 -0.297273 

3.59952 2.03769 0.970659 0.208393 
-2.22235 2.05583 -0.579433 -0.151831 
3.43579 1.87305 0.131285 0.37382 
2.10614 0.490901 1.03477 -0.253418 

-0.112054 0.353982 4.32033 -0.0367985 
-0.119194 -0.825266 -1.17536 -1.16371 
0.948261 0.839465 1.61109 -0.465161 
-2.18371 -1.88664 1.37929 0.289653 

0.545544 -0.620992 4.66033 2.11379 
-0.113007 -0.0443675 3.3543 0.399195 
-0.817054 -0.298973 0.205315 -0.547024 
0.655135 -0.142511 1.41155 0.698972 

2.02065 0.955877 -0.558073 -0.589933 
0.506804 0.45163 0.47107 -0.157349 
1.54528 1.40346 0.195959 0.291398 
1.32117 1.83263 1.22605 -0.117459 

3.03403 0.00292142 2.00967 0.824154 
-1.15794 -0.699226 -1.70511 -1.02129 
5.50845 5.79584 5.31921 -0.2857 
3.02483 3.33582 3.63427 2.16758 

0.761672 -1.28764 -0.864677 -0.0137244 
-0.0961167 1.35033 0.990962 0.852281 
0.768771 -0.464165 2.37949 -0.653213 
0.507549 2.35279 1.37461 0.337945 

0.289644 -0.161626 2.61284 0.550111 
0.284825 0.233127 1.07828 1.68129 
0.757429 0.3686 0.935339 0.249139 
-0.324559 -0.580789 1.11469 0.369459 

-0.822244 -1.23838 1.61693 1.54314 
-1.19872 0.544756 -0.360534 0.68203 
0.498621 0.653432 2.26562 2.17704 
-1.95392 -0.577786 -0.357415 0.38419 

1.35531 0.588918 2.63346 3.86654 
-0.908725 -0.3095 -0.424509 0.578044 
-0.181802 -1.22446 -0.482296 -0.305155 
0.860504 1.94869 2.61372 3.65024 

5.25538 6.15349 1.27043 0.516092 
-2.13474 0.64892 0.983228 -2.22487 
3.59353 2.87083 0.710973 1.96994 
4.53648 2.24944 1.66382 0.0325681 

1.91259 1.00039 -0.614725 0.641306 
-1.28266 1.52533 -0.672198 1.37698 
2.50773 -0.219431 2.11164 1.36857 
0.901816 1.59771 2.68325 0.401321 

-0.0117263 -1.45245 -2.19182 0.239174 
2.64884 1.64114 -0.30023 1.17992 
0.478775 -2.34701 1.0892 1.75211 
-1.32507 -1.34885 -2.7281 -0.492221 

0.038072 -0.114112 1.51866 -0.305973 
0.438978 1.88685 0.211593 0.502201 
0.445264 -1.14295 -0.104749 0.354687 
-1.38664 -1.68365 -0.461984 0.608598 

1.95443 1.8331 0.859461 1.87161 
1.49033 -0.0112333 2.85486 -2.09454 
2.97278 4.42235 0.850383 -0.114452 
3.54378 -0.00698321 -1.18947 -0.462577 

3.4018 0.532231 -2.88358 -1.64443 
4.02441 5.25745 -0.983589 0.373384 
4.05687 -2.69151 3.63503 1.22803 
-4.88041 0.549914 0.724859 -1.58457 

-1.00071 -3.11863 1.2219 -0.315016 
2.94734 -0.281784 2.22193 -0.980356 
-3.93577 -0.79121 -0.947151 0.430851 
3.73338 1.51729 1.16865 -0.247253 

4.45876 6.62136 3.10084 1.14329 
-2.91853 2.85568 1.96425 -0.6532 
1.12928 1.30545 -0.819368 0.154569 
5.12603 5.61045 7.35412 2.0188 

2.86202 2.31714 0.666817 0.214694 
1.04997 4.68607 2.77526 -0.45046 
3.44991 3.81973 1.13265 0.491693 
2.61681 1.74428 2.73185 -0.358727 

0.188229 -1.22429 -1.71231 -0.924655 
2.02422 -0.563814 0.435782 1.64897 
2.51697 -1.73515 2.35933 1.86383 
-4.48032 -1.94814 -1.34869 -0.239584 

-0.0709904 -0.357544 1.97708 0.22547 
-1.43574 -1.89942 2.66588 0.762742 
-0.407724 -1.47021 1.19132 0.691706 
-2.01679 -2.83061 -0.255336 -0.773754 

0.285434 -0.980815 -0.624697 0.881234 
0.294192 -0.909909 -0.0670118 1.45268 
-0.701456 -2.19098 -1.43437 0.533501 
0.252682 0.506184 0.927783 0.859616 

-3.84342 1.5091 -1.69941 1.88229 
4.6122 2.39911 6.33731 3.32534 
-2.33786 3.80999 5.70817 0.7132 
3.14934 3.57519 4.09628 3.22375 

-0.125448 0.304557 -0.39629 1.5321 
1.12847 0.450407 2.9199 2.36666 
1.46454 2.04747 2.473 -0.287628 
-0.756487 0.660964 -0.481044 0.422814 

0.77674 -1.73472 -2.69149 0.547594 
-0.345306 -0.383098 0.474629 2.07523 
-2.40321 -2.64813 -0.381411 0.827823 
1.54586 2.76008 1.57548 1.09486 

0.500829 -1.05143 -0.917647 -1.60616 
1.07925 1.57529 1.21464 -0.802308 
-0.681417 -2.48432 -2.22076 0.157887 
1.65674 0.465547 -0.948386 -1.69348 

0.881165 4.64184 1.59843 -0.43204 
3.11856 3.12539 1.17863 1.25048 
1.478 2.44312 2.29635 -0.536767 
0.92958 1.0738 1.07747 -0.186627 

0.0339268 -1.43696 -0.919248 1.02763 
0.0665644 -0.175943 0.351423 1.18828 
-1.34724 -0.681547 -0.853846 0.764927 
0.0941315 0.836305 1.13124 1.20384 

0.620698 0.283347 2.10374 0.840002 
-0.704644 -0.518904 0.355937 0.974574 
0.901472 0.969599 1.52707 -1.35164 
0.603073 0.892479 1.60945 1.04139 

2.02307 3.4499 3.91805 2.15442 
-1.5449 -2.14099 -1.92226 0.0882747 
1.39899 0.104968 1.18754 -1.20868 
2.08621 5.27306 5.49491 3.32947 

1.35211 -1.9904 3.43596 -1.35257 
-1.00295 4.12989 3.71945 -1.68234 
0.981077 1.6164 -0.792469 -1.73612 
1.01958 -3.08127 -1.5788 -1.54235 

0.491406 -0.430798 -0.230752 -1.27628 
0.822062 -1.12539 -0.210567 -0.358875 
-0.0666967 -0.11805 -2.13552 -0.499858 
1.91011 -0.40174 0.737456 -0.265827 

5.83638 2.33495 0.402969 -0.288615 
2.71022 3.28833 3.68857 -2.49722 
1.88363 2.90245 -2.84783 -0.724914 
5.2762 3.36008 2.60308 0.062598 

2.37698 3.32114 2.64273 2.34316 
0.570337 -1.74123 0.853383 1.70393 
-2.70983 -2.53865 -0.574986 0.433775 
5.29205 6.59914 5.85418 3.35105 

-0.877087 -2.35923 0.171788 -2.26374 
0.720222 -0.785315 1.0463 -1.71864 
0.534558 0.0522874 -2.89402 -1.90257 
1.51795 -2.48877 -0.969613 -1.86771 

3.60864 5.13035 5.47044 -0.392932 
0.351655 -2.96574 -0.0681734 -0.0042019 
-2.78078 -1.25608 -2.05993 -1.33803 
2.91107 4.91207 6.24142 3.12377 

1.48542 0.960593 -0.0815457 0.452273 
0.854155 1.46863 2.1321 -0.459823 
0.247562 0.0409967 -0.102742 -0.370744 
1.08829 1.96566 0.932622 0.0768948 

0.823384 0.722691 2.29694 0.864235 
-1.26721 -0.851039 0.229738 0.0465742 
0.0675362 -0.497599 -0.0670543 -0.311044 
0.756635 1.34144 1.75184 0.887593 

